3000 2000 81 1000 1 200000
1795 1043 2296 1955 0 200000
144 1933 1934 467 0 200000
1700 833 10 1987 0 200000
1473 1815 2821 810 0 200000
1372 478 1210 150 0 200000
2787 12 1232 30 0 200000
2314 563 1341 419 0 200000
2492 339 1037 1432 0 200000
1551 805 1322 331 0 200000
2664 491 45 767 0 200000
2390 210 2019 215 0 200000
2954 449 2164 1905 0 200000
708 1681 2580 701 0 200000
1545 664 1460 585 0 200000
520 1715 819 634 0 200000
1932 1600 301 985 0 200000
2443 54 990 935 0 200000
1886 1121 2736 1503 0 200000
761 1085 1711 567 0 200000
938 1807 1926 1185 0 200000
470 1739 1963 324 0 200000
2031 325 2397 802 0 200000
202 247 390 614 0 200000
1188 972 3 605 0 200000
1493 1783 648 1358 0 200000
1220 803 1448 1494 0 200000
402 487 498 1092 0 200000
2108 1973 2680 1646 0 200000
1743 688 1281 766 0 200000
2936 1544 2854 877 0 200000
2147 1716 2690 315 0 200000
1297 1978 2698 1128 0 200000
1223 589 2804 1425 0 200000
993 1508 780 1466 0 200000
1821 339 368 900 0 200000
2300 744 1885 1852 0 200000
2019 277 1444 256 0 200000
2376 1477 1492 766 0 200000
193 28 1099 987 0 200000
221 1039 1199 1117 0 200000
2582 269 2462 406 0 200000
2934 169 901 941 0 200000
1150 693 454 379 0 200000
390 1036 450 286 0 200000
662 1484 2438 541 0 200000
1875 1087 2099 1257 0 200000
1662 485 2437 1404 0 200000
790 1535 2725 1330 0 200000
758 1834 1026 1616 0 200000
464 53 2634 885 0 200000
425 81 2494 571 0 200000
1382 1461 2323 1322 0 200000
2052 443 1077 1050 0 200000
1526 571 2966 1938 0 200000
1423 1425 2188 1906 0 200000
1743 1821 465 761 0 200000
1698 375 1876 612 0 200000
836 557 396 628 0 200000
689 811 1557 123 0 200000
745 598 603 1922 0 200000
2656 1621 2283 1914 0 200000
2740 684 873 589 0 200000
1663 1974 1876 576 0 200000
1165 1854 2158 344 0 200000
1655 1978 1400 309 0 200000
2006 1829 1330 303 0 200000
1027 1128 1895 1372 0 200000
2410 1604 111 316 0 200000
488 590 494 1649 0 200000
1473 871 2282 1822 0 200000
1524 23 2449 1946 0 200000
1915 598 2217 817 0 200000
841 663 1050 392 0 200000
1720 1681 14 1915 0 200000
1067 1258 1648 484 0 200000
2318 755 866 938 0 200000
1542 1466 1952 276 0 200000
1210 1072 74 920 0 200000
2984 1384 816 309 0 200000
1925 1448 2741 1897 0 200000
924 912 1798 1184 0 200000
2280 980 2284 506 0 200000
2005 1047 388 1447 0 200000
864 678 1448 1921 0 200000
1158 1342 1063 278 0 200000
194 683 2863 1857 0 200000
2480 590 2611 1316 0 200000
423 441 2607 1732 0 200000
1004 458 1616 1217 0 200000
2681 1811 241 673 0 200000
2268 1106 2680 1624 0 200000
1707 1170 511 37 0 200000
1182 460 638 1356 0 200000
885 1547 733 747 0 200000
1776 619 2135 892 0 200000
318 1421 155 598 0 200000
356 1242 2876 208 0 200000
1263 577 1832 467 0 200000
2293 143 198 587 0 200000
2782 1050 1560 74 0 200000
1336 426 848 313 0 200000
16 1861 1711 76 0 200000
2988 405 2689 1968 0 200000
44 1751 300 1123 0 200000
1250 627 2494 1136 0 200000
1095 1283 2614 1702 0 200000
2532 1346 1035 1572 0 200000
842 1955 1450 4 0 200000
2585 523 483 1201 0 200000
2109 1052 274 470 0 200000
791 895 1779 404 0 200000
2928 636 1894 1215 0 200000
2472 1977 1867 1382 0 200000
1324 1997 2919 1997 0 200000
1925 464 676 1849 0 200000
1797 465 2062 1543 0 200000
933 1827 2554 489 0 200000
1954 1461 873 430 0 200000
2375 557 674 621 0 200000
1523 1872 1862 814 0 200000
1930 416 789 1909 0 200000
450 1138 382 1819 0 200000
2124 475 2467 187 0 200000
2058 1224 2355 726 0 200000
96 838 1153 836 0 200000
1651 1812 1553 1480 0 200000
110 1667 1419 1598 0 200000
1899 1670 2176 1699 0 200000
374 428 2873 913 0 200000
565 600 864 566 0 200000
1604 313 398 1840 0 200000
1078 635 2483 1527 0 200000
2261 793 11 951 0 200000
146 1132 1886 808 0 200000
2840 37 304 1163 0 200000
2067 211 2719 1012 0 200000
1830 1698 540 111 0 200000
34 1504 856 800 0 200000
1882 285 2719 1899 0 200000
1851 254 1690 1020 0 200000
74 1198 1366 1237 0 200000
53 706 1698 1330 0 200000
2075 711 2511 1001 0 200000
2591 859 1232 1939 0 200000
2815 1844 1672 1250 0 200000
1620 689 2578 1775 0 200000
2546 379 1652 641 0 200000
71 167 341 1819 0 200000
353 1403 61 690 0 200000
2655 586 2068 1945 0 200000
849 270 34 1260 0 200000
2052 1921 1902 1526 0 200000
853 936 2682 799 0 200000
2703 1709 2139 1701 0 200000
2760 1031 1047 549 0 200000
429 56 2599 1478 0 200000
854 147 532 1939 0 200000
1493 1671 1510 163 0 200000
2199 285 2543 1271 0 200000
1389 1610 2630 1071 0 200000
932 1361 239 1321 0 200000
1816 1849 2103 711 0 200000
2696 421 1246 27 0 200000
1626 390 2253 1282 0 200000
543 1514 1103 1659 0 200000
489 1518 2732 323 0 200000
1897 88 2576 1758 0 200000
2638 250 291 819 0 200000
2455 1715 1625 1028 0 200000
690 488 1881 1273 0 200000
845 1290 2723 904 0 200000
937 820 59 115 0 200000
310 852 1866 303 0 200000
2601 1251 2235 1244 0 200000
91 915 563 1285 0 200000
2771 36 970 1942 0 200000
2836 754 1782 1797 0 200000
2497 303 2998 239 0 200000
92 873 988 1216 0 200000
2966 1751 892 1837 0 200000
320 37 2449 146 0 200000
1825 554 2119 195 0 200000
2728 1970 2643 1825 0 200000
1001 45 894 1052 0 200000
1341 419 1496 47 0 200000
137 1570 1714 701 0 200000
481 1653 620 1317 0 200000
1533 1955 2348 1156 0 200000
337 1186 792 1000 0 200000
2203 822 147 269 0 200000
70 1145 843 102 0 200000
1707 792 2508 1657 0 200000
2119 456 1629 1159 0 200000
2719 612 759 1126 0 200000
1447 404 2910 1853 0 200000
1579 411 1448 412 0 200000
381 525 2811 950 0 200000
2605 1339 2019 1964 0 200000
2927 253 2121 295 0 200000
125 1930 2503 1553 0 200000
533 935 1783 752 0 200000
550 1114 2068 304 0 200000
116 169 296 1532 0 200000
1499 1956 28 1449 0 200000
2423 12 2182 287 0 200000
1258 319 789 421 0 200000
2863 561 752 1688 0 200000
900 775 1380 1863 0 200000
1677 1891 2548 1374 0 200000
2746 1448 1683 270 0 200000
98 1353 2277 757 0 200000
1369 1986 1235 751 0 200000
1653 1218 2421 1640 0 200000
2238 612 538 28 0 200000
2308 1544 2587 1566 0 200000
859 1987 502 145 0 200000
1193 624 1055 886 0 200000
1688 1473 1664 691 0 200000
1542 1750 704 1644 0 200000
1081 1080 1178 1665 0 200000
833 739 100 484 0 200000
1126 286 320 1509 0 200000
1272 536 72 1404 0 200000
2894 897 2866 66 0 200000
1630 370 1403 252 0 200000
1810 1690 1048 1236 0 200000
812 1462 1335 1910 0 200000
1072 443 2916 1893 0 200000
1880 1043 992 1959 0 200000
317 1874 1891 1444 0 200000
688 53 1602 70 0 200000
1825 1046 644 685 0 200000
2751 381 238 1730 0 200000
2598 1046 1335 1990 0 200000
511 139 2157 902 0 200000
1073 1983 1254 1709 0 200000
589 839 347 1014 0 200000
687 484 1350 1436 0 200000
816 1553 2813 1505 0 200000
2257 1253 1567 199 0 200000
26 438 2003 1886 0 200000
2840 507 1976 1019 0 200000
1453 427 742 1377 0 200000
584 1431 2579 158 0 200000
1118 1361 2474 501 0 200000
841 936 694 1491 0 200000
748 1585 2157 112 0 200000
2417 1956 791 916 0 200000
2425 1839 702 532 0 200000
395 571 1743 1528 0 200000
24 553 1502 138 0 200000
1242 1160 504 1980 0 200000
781 167 2137 6 0 200000
2726 1057 1159 1628 0 200000
1984 714 2702 1448 0 200000
1157 20 1305 713 0 200000
345 1406 2282 1543 0 200000
2802 1386 2617 1809 0 200000
668 170 2193 1237 0 200000
498 406 1904 1452 0 200000
1495 268 1029 1935 0 200000
2762 356 587 1802 0 200000
1623 943 332 1100 0 200000
1122 1292 1169 888 0 200000
1710 1606 2765 1611 0 200000
1644 1502 1034 186 0 200000
599 1472 2211 983 0 200000
2732 820 1000 1311 0 200000
2831 420 2824 916 0 200000
2577 613 1185 1970 0 200000
758 292 707 1920 0 200000
1722 1502 2834 1910 0 200000
564 1227 1866 1221 0 200000
794 1336 1245 1462 0 200000
380 1552 728 1267 0 200000
2253 1319 300 364 0 200000
531 1923 1311 568 0 200000
2792 919 643 921 0 200000
1 1149 31 857 0 200000
1691 207 2169 278 0 200000
2718 1938 605 616 0 200000
1378 831 319 251 0 200000
1390 1695 1788 238 0 200000
1911 1203 1823 406 0 200000
165 1869 2343 1247 0 200000
1042 623 1597 305 0 200000
2987 366 2524 1323 0 200000
793 1202 97 1614 0 200000
1185 1037 1594 1416 0 200000
1263 389 2323 156 0 200000
2698 128 1131 699 0 200000
256 683 1245 1713 0 200000
2018 87 2674 1742 0 200000
2363 848 572 1791 0 200000
834 1371 462 1736 0 200000
1054 1260 1887 641 0 200000
1961 802 1237 506 0 200000
1365 591 614 1948 0 200000
1388 1015 1681 206 0 200000
356 1220 2619 545 0 200000
2358 643 166 1704 0 200000
799 1328 548 7 0 200000
32 841 1513 1622 0 200000
2752 641 222 1394 0 200000
2242 963 2794 514 0 200000
2681 1089 1659 785 0 200000
1831 440 1410 1132 0 200000
2157 82 2661 1817 0 200000
2981 455 925 866 0 200000
555 1104 1256 845 0 200000
962 219 289 105 0 200000
1139 1684 2755 199 0 200000
2047 726 5 1042 0 200000
590 1438 1447 173 0 200000
2657 151 866 888 0 200000
1873 600 2670 606 0 200000
90 694 1517 1679 0 200000
2906 903 2860 1540 0 200000
2364 965 2306 660 0 200000
2105 1658 905 1938 0 200000
38 142 634 17 0 200000
1128 1003 2709 629 0 200000
1828 1481 1077 359 0 200000
2435 1003 2370 1397 0 200000
2266 1188 2704 995 0 200000
2640 1127 2717 1426 0 200000
889 891 1696 1339 0 200000
480 1559 437 969 0 200000
1753 447 277 1424 0 200000
2940 795 2562 1085 0 200000
2717 1840 1528 492 0 200000
1848 350 918 656 0 200000
601 1494 1260 1635 0 200000
1978 1301 2167 1274 0 200000
742 1873 384 1827 0 200000
2835 1406 1226 158 0 200000
29 110 2978 821 0 200000
1196 499 1905 985 0 200000
2471 1874 1397 155 0 200000
2498 934 294 196 0 200000
2331 1662 2716 274 0 200000
1187 308 941 831 0 200000
400 1003 2012 1615 0 200000
1462 1140 2805 1734 0 200000
2781 765 2165 419 0 200000
1678 1559 407 429 0 200000
2896 2 873 1801 0 200000
2959 839 861 1269 0 200000
1284 642 2827 1476 0 200000
863 1482 2124 1207 0 200000
1232 878 41 1252 0 200000
1862 1421 914 1445 0 200000
2447 1234 1506 1215 0 200000
2454 27 1432 1709 0 200000
626 564 2193 1337 0 200000
1211 1669 2144 1703 0 200000
2119 468 575 1214 0 200000
1723 264 2967 1428 0 200000
101 860 2892 949 0 200000
694 860 2956 287 0 200000
365 480 2806 828 0 200000
198 1010 2367 1597 0 200000
2298 1004 2639 864 0 200000
2944 1027 1050 1758 0 200000
2553 570 2987 1940 0 200000
705 485 667 1499 0 200000
2257 187 1199 1894 0 200000
2410 790 927 1896 0 200000
1948 523 99 1087 0 200000
468 768 376 1617 0 200000
124 63 2624 1969 0 200000
700 870 2032 78 0 200000
2206 455 1331 1145 0 200000
1719 19 1827 816 0 200000
1458 1454 175 1756 0 200000
1182 1183 2600 1283 0 200000
608 1367 2734 379 0 200000
1963 43 1368 1772 0 200000
1571 1247 2377 833 0 200000
2026 961 861 731 0 200000
1026 1680 2650 1601 0 200000
1681 487 2052 1191 0 200000
1738 425 2545 1370 0 200000
1159 458 1307 1686 0 200000
412 1048 1483 1988 0 200000
2744 1397 2387 1556 0 200000
933 18 116 594 0 200000
766 1849 1342 568 0 200000
1912 439 2670 960 0 200000
2321 212 2225 772 0 200000
917 208 2599 1956 0 200000
1832 1724 1315 1955 0 200000
2798 643 2103 367 0 200000
2845 963 700 523 0 200000
52 1307 2487 827 0 200000
1077 946 2822 971 0 200000
1157 1681 114 1387 0 200000
1349 1695 2695 1147 0 200000
433 1768 2463 1055 0 200000
2325 217 173 1584 0 200000
416 282 684 1871 0 200000
976 1848 2240 982 0 200000
757 1342 1012 1325 0 200000
2922 1423 1218 1558 0 200000
1973 771 2674 1270 0 200000
1616 812 2186 1824 0 200000
2472 212 1715 879 0 200000
1147 1044 1756 1087 0 200000
2983 1059 1584 1785 0 200000
1189 537 626 1066 0 200000
1820 751 2977 1950 0 200000
2705 566 1262 286 0 200000
2244 96 986 708 0 200000
2807 878 925 1894 0 200000
791 1639 761 1143 0 200000
2341 1074 397 1094 0 200000
1614 1473 253 1680 0 200000
1110 10 1783 153 0 200000
2548 194 624 1842 0 200000
2511 1752 1317 103 0 200000
774 1580 2550 1449 0 200000
2132 1386 20 131 0 200000
2610 1783 131 1371 0 200000
495 1831 2787 311 0 200000
811 1896 0 136 0 200000
1969 558 2194 1736 0 200000
850 700 2375 1980 0 200000
1294 620 2995 1862 0 200000
2998 1067 2954 601 0 200000
2269 1492 2052 1561 0 200000
1117 1079 311 975 0 200000
1461 1830 1891 87 0 200000
1632 268 1246 1910 0 200000
1417 618 568 283 0 200000
2170 992 416 64 0 200000
685 20 2005 1565 0 200000
2841 1217 802 665 0 200000
934 1695 2801 238 0 200000
235 475 312 1992 0 200000
44 1572 464 906 0 200000
1522 289 2465 222 0 200000
1091 482 1972 1430 0 200000
2952 465 2961 1555 0 200000
325 1269 2911 929 0 200000
203 1203 946 877 0 200000
2345 976 2006 724 0 200000
2354 616 1713 170 0 200000
1863 1972 343 532 0 200000
1269 732 1871 674 0 200000
2433 713 323 1804 0 200000
1032 213 229 568 0 200000
588 562 292 149 0 200000
1312 211 1606 1816 0 200000
2404 1195 2095 720 0 200000
316 1872 696 1896 0 200000
2554 1916 1635 920 0 200000
2317 880 2835 1352 0 200000
2609 1108 2568 1843 0 200000
149 1343 1799 340 0 200000
2772 1904 2889 1999 0 200000
2635 1047 2962 1790 0 200000
1738 1763 2465 1222 0 200000
1726 1993 1056 1830 0 200000
186 1373 329 1244 0 200000
2917 1217 1344 1492 0 200000
2511 119 2112 1405 0 200000
1685 1588 2581 138 0 200000
620 1203 2961 242 0 200000
546 1890 2634 1076 0 200000
1647 1341 264 1114 0 200000
867 6 2508 1785 0 200000
1026 110 2508 739 0 200000
1226 835 316 1849 0 200000
1261 341 118 1440 0 200000
34 374 202 798 0 200000
1069 766 1688 1249 0 200000
1487 1800 466 173 0 200000
2160 397 1727 1536 0 200000
584 331 106 1492 0 200000
2398 657 633 1792 0 200000
1648 666 1714 1771 0 200000
1929 1779 1279 222 0 200000
2280 1723 2778 709 0 200000
1037 22 620 1010 0 200000
710 30 2014 1197 0 200000
2208 678 2427 92 0 200000
2426 796 1813 1787 0 200000
2426 651 2076 729 0 200000
2011 1914 101 1727 0 200000
566 1157 2407 572 0 200000
1029 661 937 66 0 200000
2623 287 2566 39 0 200000
1405 1078 1339 713 0 200000
1395 1661 663 130 0 200000
691 29 545 1219 0 200000
2219 1775 2776 720 0 200000
750 1016 2187 1128 0 200000
920 1246 2433 1183 0 200000
2235 1114 1682 281 0 200000
743 812 1309 853 0 200000
1334 1077 2739 1700 0 200000
350 614 232 917 0 200000
1911 883 202 831 0 200000
2812 435 449 394 0 200000
2038 1910 503 778 0 200000
1716 1779 2585 217 0 200000
1623 957 1811 607 0 200000
1250 530 1931 1473 0 200000
95 288 1851 723 0 200000
2148 932 2761 891 0 200000
1124 992 1628 964 0 200000
1809 200 213 683 0 200000
2288 970 781 1098 0 200000
1309 600 269 1135 0 200000
1973 1955 407 1560 0 200000
1067 1669 1724 301 0 200000
10 1034 2335 1289 0 200000
1193 332 2999 1686 0 200000
1220 1482 563 1637 0 200000
1527 1285 1165 1143 0 200000
2469 407 1704 27 0 200000
2967 1824 1878 325 0 200000
345 1454 2058 1318 0 200000
2870 1416 1021 1630 0 200000
291 1271 2684 1947 0 200000
169 1778 1910 1356 0 200000
1444 820 2707 1894 0 200000
609 28 1687 1794 0 200000
2164 577 1526 1170 0 200000
2415 816 2674 1070 0 200000
1358 1315 744 576 0 200000
1671 272 2649 872 0 200000
1064 1963 804 1516 0 200000
1225 153 313 719 0 200000
2672 1858 648 28 0 200000
1555 1282 343 560 0 200000
15 876 130 1394 0 200000
351 651 2717 1328 0 200000
2521 247 1741 951 0 200000
2763 1632 205 414 0 200000
2427 1259 2781 688 0 200000
692 486 1852 84 0 200000
2131 1800 550 1227 0 200000
2961 938 1904 581 0 200000
2212 1421 240 1136 0 200000
54 807 2378 1022 0 200000
1910 1133 2845 1857 0 200000
1861 1358 2061 502 0 200000
497 1177 2465 780 0 200000
206 1452 1636 1919 0 200000
315 1003 2425 341 0 200000
1488 761 1871 645 0 200000
485 1318 1964 511 0 200000
837 1333 1622 315 0 200000
1897 953 372 1042 0 200000
497 1036 1484 851 0 200000
1782 987 894 259 0 200000
1083 784 1668 1188 0 200000
162 573 501 1376 0 200000
779 1475 111 211 0 200000
2078 1133 1962 835 0 200000
433 1260 1988 1757 0 200000
1526 159 2127 876 0 200000
372 174 1734 1528 0 200000
830 1092 422 649 0 200000
2560 310 490 1991 0 200000
605 1524 1062 560 0 200000
2758 1579 1277 725 0 200000
829 1941 1990 1025 0 200000
2215 1182 513 1174 0 200000
2048 1939 736 214 0 200000
305 1385 496 1515 0 200000
2676 71 207 1875 0 200000
1640 1602 2887 1052 0 200000
32 3 1976 1672 0 200000
933 1590 2892 573 0 200000
732 114 2140 1036 0 200000
2219 912 648 1259 0 200000
52 1882 12 1393 0 200000
1796 961 1062 1342 0 200000
453 475 2235 1205 0 200000
2103 1255 129 679 0 200000
2942 206 2751 1660 0 200000
725 1768 2849 464 0 200000
1104 1864 104 1832 0 200000
1847 1893 118 1072 0 200000
2934 230 2031 579 0 200000
1129 218 2963 6 0 200000
93 705 2112 929 0 200000
2530 1610 1492 1275 0 200000
1749 1369 632 273 0 200000
153 692 224 322 0 200000
2989 1755 1598 1114 0 200000
1249 1859 367 249 0 200000
890 893 829 432 0 200000
493 103 2948 903 0 200000
712 1774 1152 1534 0 200000
1260 30 2603 1454 0 200000
2359 1017 2573 1162 0 200000
1437 1088 1035 1192 0 200000
2751 1328 810 1558 0 200000
2316 1899 1054 1242 0 200000
1139 98 1227 1163 0 200000
1939 1517 1868 1445 0 200000
1810 151 1657 1117 0 200000
1705 456 2971 514 0 200000
1793 1008 499 1116 0 200000
2534 957 1793 900 0 200000
1081 42 601 1646 0 200000
2596 244 791 727 0 200000
503 985 2619 1688 0 200000
1303 431 1799 756 0 200000
1430 1007 718 436 0 200000
2318 220 1607 876 0 200000
2694 900 2846 650 0 200000
1599 1858 924 1194 0 200000
1672 924 1669 1017 0 200000
1998 1984 1463 580 0 200000
1840 902 1378 940 0 200000
1486 946 2019 1880 0 200000
1025 1322 1090 423 0 200000
1373 782 740 417 0 200000
1228 328 1683 600 0 200000
1316 369 2288 288 0 200000
2360 652 939 1912 0 200000
237 564 2362 1077 0 200000
1674 750 2853 1146 0 200000
1171 1034 1786 1477 0 200000
1463 796 2067 1800 0 200000
1060 785 1365 1219 0 200000
757 16 2820 1851 0 200000
42 574 2634 1817 0 200000
1341 1278 911 465 0 200000
541 515 1275 1901 0 200000
2979 211 2750 1622 0 200000
2554 459 56 1199 0 200000
2724 1097 540 1534 0 200000
2383 330 15 471 0 200000
2078 384 855 118 0 200000
1515 1742 1134 1561 0 200000
99 36 2822 424 0 200000
2690 418 1966 1138 0 200000
1957 91 2475 1605 0 200000
1735 1848 1114 217 0 200000
403 85 473 186 0 200000
2016 1916 1365 1889 0 200000
915 1132 86 1630 0 200000
629 1733 1511 579 0 200000
1461 451 1066 239 0 200000
2313 1237 1256 774 0 200000
1414 297 2310 874 0 200000
2895 998 187 1769 0 200000
2833 1317 2382 1298 0 200000
2573 844 2412 820 0 200000
2727 1960 1183 1158 0 200000
1876 1591 602 1165 0 200000
312 1984 1840 1549 0 200000
2277 639 1917 78 0 200000
1104 1057 1740 362 0 200000
1189 1048 2168 1921 0 200000
898 1467 1407 378 0 200000
2393 398 599 934 0 200000
1191 1913 1260 1890 0 200000
2554 103 746 1801 0 200000
840 1806 2101 1475 0 200000
1762 565 1800 191 0 200000
2151 951 730 1384 0 200000
2837 227 1780 1526 0 200000
2410 1741 1039 1908 0 200000
1225 245 1051 1994 0 200000
472 674 2411 7 0 200000
1085 1434 2780 1292 0 200000
1033 1233 331 1511 0 200000
1469 1979 670 1643 0 200000
985 1823 1083 377 0 200000
1579 299 1796 45 0 200000
645 606 1204 1735 0 200000
1319 1286 644 1699 0 200000
979 1783 2758 1448 0 200000
2008 836 2747 602 0 200000
2822 877 1520 333 0 200000
2577 1317 562 1687 0 200000
1024 750 2410 143 0 200000
2212 1171 108 1384 0 200000
2326 1106 1289 292 0 200000
1993 53 1869 487 0 200000
2279 1932 2499 90 0 200000
736 728 1156 1399 0 200000
1660 214 1166 1192 0 200000
1730 598 1441 903 0 200000
1553 647 1181 1073 0 200000
1899 1376 383 1596 0 200000
178 94 474 625 0 200000
899 1093 1610 1336 0 200000
2663 1221 412 1760 0 200000
2415 1563 1826 1591 0 200000
2800 112 35 1484 0 200000
2516 178 1310 1022 0 200000
1512 285 2542 1344 0 200000
29 6 929 1549 0 200000
869 1908 123 1362 0 200000
239 1499 361 1724 0 200000
2630 806 231 142 0 200000
1475 0 1410 1934 0 200000
1115 128 1289 301 0 200000
1988 335 2398 274 0 200000
1825 134 2947 1923 0 200000
620 1705 1312 1087 0 200000
1931 458 1712 602 0 200000
1867 587 2755 1749 0 200000
97 324 2719 1209 0 200000
2520 925 2559 1744 0 200000
1764 520 2726 865 0 200000
1621 559 796 1942 0 200000
2183 69 15 539 0 200000
1982 1580 1653 53 0 200000
959 1746 2230 1933 0 200000
970 1256 1310 760 0 200000
2748 818 1440 1316 0 200000
496 1012 1174 1089 0 200000
2605 574 684 1417 0 200000
1947 22 2989 1501 0 200000
1479 911 366 590 0 200000
438 1283 102 693 0 200000
1255 1378 999 303 0 200000
1288 1911 2310 633 0 200000
2114 867 2869 1124 0 200000
89 249 1187 1620 0 200000
1235 1989 1409 635 0 200000
2403 1178 2725 973 0 200000
1341 1830 1059 1359 0 200000
193 1732 1687 193 0 200000
2981 1821 88 1558 0 200000
162 1596 654 1068 0 200000
2561 1389 1324 940 0 200000
1102 1009 944 1055 0 200000
306 689 2088 218 0 200000
2495 1229 127 792 0 200000
613 768 1468 1523 0 200000
2154 161 2219 1679 0 200000
2061 280 437 1811 0 200000
1275 858 2859 1781 0 200000
1235 1636 640 1536 0 200000
2940 1904 1852 68 0 200000
750 999 1748 107 0 200000
765 499 2151 1603 0 200000
2642 591 2164 1501 0 200000
301 878 2647 49 0 200000
1765 805 570 860 0 200000
1471 1126 2200 119 0 200000
1221 106 909 1093 0 200000
2077 1066 777 1305 0 200000
715 1065 723 993 0 200000
1433 1505 2282 627 0 200000
1514 1209 535 978 0 200000
2182 1889 214 1085 0 200000
2559 1722 2676 132 0 200000
1563 404 2698 408 0 200000
530 1716 2487 1262 0 200000
2815 802 828 912 0 200000
204 525 2616 1232 0 200000
2950 1147 2628 426 0 200000
327 1905 1657 1621 0 200000
1730 620 1957 1637 0 200000
953 1161 2565 192 0 200000
2674 1831 2852 1290 0 200000
1424 935 2242 192 0 200000
1782 1565 1320 1262 0 200000
1390 358 951 1869 0 200000
55 789 1144 125 0 200000
1886 316 2598 1434 0 200000
555 115 711 1678 0 200000
1716 168 2170 1619 0 200000
2408 916 1035 1283 0 200000
1569 6 2666 1598 0 200000
1420 1518 2577 423 0 200000
2277 1928 1324 1356 0 200000
2515 1106 2370 320 0 200000
2490 1644 794 1142 0 200000
88 443 2049 1900 0 200000
447 602 1696 498 0 200000
2313 1038 2802 325 0 200000
1106 1365 859 1741 0 200000
935 250 1924 1407 0 200000
2076 1623 1770 735 0 200000
2411 935 1240 1622 0 200000
153 1926 929 1852 0 200000
2666 1864 1191 115 0 200000
2637 147 2825 927 0 200000
1578 811 2230 1765 0 200000
2863 1624 97 927 0 200000
1938 1733 1509 58 0 200000
1897 919 1399 1820 0 200000
293 72 1339 1125 0 200000
253 1055 2111 977 0 200000
2183 1454 788 503 0 200000
1953 472 1122 497 0 200000
2558 173 2395 712 0 200000
404 803 2680 1387 0 200000
1241 594 615 588 0 200000
2846 508 942 887 0 200000
356 1944 769 1920 0 200000
1211 922 496 1560 0 200000
2386 304 1980 715 0 200000
1384 491 2544 425 0 200000
1833 584 2116 1632 0 200000
172 1594 1364 1778 0 200000
1889 822 511 584 0 200000
2080 1387 2459 1603 0 200000
1124 1068 1526 762 0 200000
2319 491 2744 213 0 200000
2135 1011 1732 1829 0 200000
1014 1378 2845 1022 0 200000
1023 1009 141 322 0 200000
60 242 2185 1259 0 200000
1813 1429 1376 1780 0 200000
227 1415 2722 1236 0 200000
2986 1319 2702 329 0 200000
1444 582 1795 573 0 200000
747 907 2976 1799 0 200000
591 1488 639 161 0 200000
2797 1996 1059 1473 0 200000
1184 1438 1403 71 0 200000
713 1714 1879 1586 0 200000
1978 836 47 95 0 200000
1521 622 803 1263 0 200000
96 287 1253 1603 0 200000
1865 171 851 359 0 200000
2262 217 1216 1672 0 200000
862 493 1594 1907 0 200000
2564 722 2134 380 0 200000
2042 1379 183 1336 0 200000
1763 1510 1158 1431 0 200000
1573 117 2484 689 0 200000
1173 747 1722 124 0 200000
1069 632 2401 1287 0 200000
1104 1185 2150 502 0 200000
2798 1223 2813 347 0 200000
1643 82 622 1645 0 200000
914 121 2381 344 0 200000
1952 977 739 1505 0 200000
875 1616 1147 179 0 200000
840 204 2415 1131 0 200000
787 1557 1551 1548 0 200000
1929 1404 2475 32 0 200000
1706 927 945 621 0 200000
2435 578 2680 1647 0 200000
1719 667 2877 1975 0 200000
2189 361 1242 1184 0 200000
413 1778 1260 761 0 200000
1677 1240 1582 100 0 200000
1872 24 2705 1915 0 200000
69 1663 2837 281 0 200000
621 1624 49 1756 0 200000
910 166 2878 869 0 200000
117 459 954 1289 0 200000
1328 1459 104 872 0 200000
2001 1280 1252 1031 0 200000
2303 946 572 1324 0 200000
2367 34 1570 566 0 200000
791 1244 87 150 0 200000
2875 855 482 1389 0 200000
1481 83 1501 1012 0 200000
382 781 2720 1986 0 200000
1004 481 87 270 0 200000
2939 1405 2406 1249 0 200000
171 1966 189 1990 0 200000
2236 810 1551 1954 0 200000
1453 921 2676 1258 0 200000
2281 16 735 773 0 200000
1207 1835 305 1215 0 200000
328 903 996 118 0 200000
652 873 628 1349 0 200000
821 1518 2287 539 0 200000
1349 16 2606 1591 0 200000
2044 1234 1475 1106 0 200000
1337 281 802 1225 0 200000
2257 135 2957 854 0 200000
2262 1460 743 1930 0 200000
438 1051 1986 265 0 200000
869 430 2603 1682 0 200000
2501 1719 1979 73 0 200000
417 157 649 1314 0 200000
2833 1119 2483 1900 0 200000
2304 624 1268 88 0 200000
2489 207 2903 197 0 200000
1304 625 2177 1930 0 200000
2821 1597 2541 127 0 200000
1027 1604 2913 1224 0 200000
486 380 1037 1358 0 200000
2835 1063 2460 524 0 200000
665 1220 2842 659 0 200000
941 1138 2118 266 0 200000
581 1692 514 1270 0 200000
226 758 2029 1778 0 200000
2264 1187 97 1579 0 200000
1009 1296 2504 747 0 200000
2901 160 2369 1920 0 200000
2054 1588 2577 631 0 200000
1760 774 93 1130 0 200000
1342 1459 212 612 0 200000
1311 500 2329 1389 0 200000
1048 967 1205 1735 0 200000
979 1071 667 35 0 200000
1780 532 1013 784 0 200000
1772 1255 69 673 0 200000
2287 23 229 1594 0 200000
2833 1193 1416 1735 0 200000
861 1752 161 1657 0 200000
1173 1017 2177 270 0 200000
293 985 871 1772 0 200000
1338 981 743 1081 0 200000
1441 806 101 1866 0 200000
2641 71 2578 1638 0 200000
2554 4 1461 1446 0 200000
2095 1873 2862 300 0 200000
2151 1764 451 349 0 200000
802 816 293 125 0 200000
2111 606 629 1077 0 200000
1298 1322 960 1667 0 200000
1041 1480 2218 926 0 200000
440 1234 2110 163 0 200000
963 1471 867 930 0 200000
153 161 2219 1311 0 200000
2232 1978 1733 933 0 200000
819 92 1770 1293 0 200000
2816 156 213 1207 0 200000
1165 1730 1435 211 0 200000
1835 1744 1481 751 0 200000
1691 925 397 1021 0 200000
861 508 2413 799 0 200000
1208 494 148 1586 0 200000
596 1408 955 612 0 200000
2786 850 140 1844 0 200000
701 1686 289 245 0 200000
706 1121 987 430 0 200000
1522 1857 863 81 0 200000
744 1659 2042 422 0 200000
2110 0 1854 355 0 200000
466 1931 1244 1290 0 200000
590 58 2905 1471 0 200000
1173 470 1526 820 0 200000
41 960 1663 852 0 200000
2290 1402 1853 216 0 200000
985 240 1542 633 0 200000
2858 625 154 259 0 200000
1984 1166 2945 289 0 200000
1842 621 912 907 0 200000
1427 1786 995 473 0 200000
1080 1483 2340 1219 0 200000
1538 878 241 1559 0 200000
1739 562 284 933 0 200000
2973 687 2524 650 0 200000
2382 771 1744 1447 0 200000
1496 1801 1612 526 0 200000
2628 1960 2332 713 0 200000
1639 1397 349 903 0 200000
1909 678 659 1683 0 200000
546 1925 157 418 0 200000
744 1533 2581 937 0 200000
786 243 2579 1385 0 200000
1782 1316 1129 664 0 200000
2105 1863 546 845 0 200000
2653 623 2827 1288 0 200000
2694 1280 2355 1755 0 200000
1330 763 1399 1449 0 200000
1038 55 2006 602 0 200000
93 1134 2659 1992 0 200000
739 1553 825 809 0 200000
1472 1737 2969 1833 0 200000
441 1755 2710 1795 0 200000
856 1111 2034 747 0 200000
763 1454 1705 1868 0 200000
306 653 1675 1417 0 200000
1170 314 776 130 0 200000
183 330 2515 1909 0 200000
2878 108 1905 1550 0 200000
2432 454 363 1245 0 200000
1650 794 686 1571 0 200000
1009 996 2764 312 0 200000
355 1891 2083 827 0 200000
2825 1377 1036 1895 0 200000
409 945 2654 479 0 200000
1216 564 2705 1606 0 200000
2741 1976 2342 1469 0 200000
272 766 1011 1786 0 200000
577 598 1213 225 0 200000
1685 1737 318 1778 0 200000
394 691 30 1550 0 200000
812 843 1765 695 0 200000
329 768 2822 1556 0 200000
806 1281 2536 1214 0 200000
1509 185 206 1641 0 200000
566 550 2950 1250 0 200000
2570 1141 927 1394 0 200000
1350 1963 1547 1548 0 200000
2868 1954 876 713 0 200000
158 1982 2451 1789 0 200000
1364 811 2235 741 0 200000
93 1301 2220 608 0 200000
