10000 10000 400 1000 2 50000
2417 326 3453 1998 42918 50000
4039 1660 3262 739 18491 44622
2783 1647 2663 1331 27522 31514
2762 1728 2269 1282 29072 34006
2352 763 3359 842 45045 46871
2631 453 2914 1747 35448 42358
1835 760 3298 182 45898 50000
2711 1328 2775 956 37027 50000
2667 669 2721 1380 43661 45586
2211 986 2633 851 43280 44795
3281 223 3508 1376 27363 35520
2979 722 2836 1476 28738 37063
3040 1205 2706 844 43489 50000
2741 729 3846 1048 42654 48390
2622 217 3045 1736 39030 41953
2635 742 2721 1842 26302 29256
2274 1007 3332 1295 41815 45960
3703 219 2969 168 29969 41877
2348 1890 3306 781 43782 46221
1876 680 2092 567 9663 16971
2587 902 2544 679 47427 50000
2675 1601 3277 407 26779 45466
2641 1525 2646 926 30783 35786
2443 1432 9999 551 24153 42101
2775 1475 2773 726 5113 21199
4571 922 2453 1168 34022 38266
2184 1439 3086 513 29700 49211
3619 1063 3380 1254 33994 35070
2227 801 3031 1286 32384 42439
2195 1199 1739 1887 5515 26355
2683 655 2084 736 25704 41436
2490 1641 1696 26 41358 45794
3099 1051 2293 906 18945 20070
2846 2160 2945 665 38493 41910
2611 119 3327 775 32516 36369
3361 1585 2868 238 17779 30911
2173 1155 2476 474 38359 47565
3405 1011 2560 1048 29263 38289
3162 1339 3055 1289 38826 40827
1761 334 3610 1606 22208 30271
2978 2167 3068 1005 24145 44469
2968 1412 2738 1024 15848 21842
2706 1563 3508 2066 32012 41461
3117 1274 2026 581 33587 35867
3169 384 3006 493 37106 50000
2109 1206 3217 815 34869 42856
3325 1220 2957 728 21699 40516
3407 1035 1686 1215 16165 30132
3589 1489 1982 1188 1 4855
2479 1075 3090 1005 40344 50000
3071 1414 3019 673 32526 37897
2869 1067 3289 387 38754 48530
2815 569 2301 737 25631 35620
2686 648 2861 711 32192 42003
2407 208 3199 972 37606 50000
3320 1690 3157 2025 5520 28078
2844 901 2772 553 43661 48843
2396 1368 3116 900 17518 22153
3052 1330 3391 1643 41992 50000
3123 1045 2564 963 46405 49411
3273 1097 3357 928 41076 50000
2814 1253 3010 502 7046 17318
2438 754 2041 899 37366 38183
2967 786 2704 972 35124 41136
3183 985 2958 1013 22482 25932
2795 486 2084 993 26794 30116
2396 1661 2589 756 20710 27478
3267 1938 2821 1413 28375 36794
2520 1133 2773 988 39362 47338
3273 1234 2629 1435 16818 24039
2942 1340 2531 950 44382 50000
3539 1603 2157 728 35601 39848
2823 1550 2638 1445 31334 38622
2911 186 3094 1827 39462 50000
3386 1373 2627 1678 23552 32917
2449 1602 1886 944 36146 45749
2442 1247 3407 339 25718 28285
3089 990 2296 1006 30767 41491
2422 401 3290 1349 29938 48025
2847 568 2409 1447 39193 50000
2986 1130 2313 40 33272 40128
2306 369 3371 1599 22780 35373
3404 998 2931 1723 44232 49117
3222 1276 2503 1316 27839 33958
3473 1428 2985 1068 1 12843
3060 1421 2819 974 21280 32504
3040 1301 2955 963 44369 50000
2476 535 2979 967 37112 40509
2260 771 2775 889 1 15955
2893 840 615 5188 42107 50000
3319 1219 3421 2096 29338 33989
2529 1253 2682 785 22080 26132
2939 1336 3356 1051 20463 24045
3000 1193 1735 937 27804 30300
2642 1036 2413 1500 33797 39425
3367 822 3051 1267 17015 24482
2674 1183 1818 967 33581 37121
3135 961 1584 1607 22904 35932
3137 933 2525 1296 17847 28918
2871 305 2916 1045 39844 41132
3083 1071 3334 1488 20101 24536
2559 2817 2425 1534 39177 44154
2949 1098 2947 1872 20436 24572
2065 367 2432 528 30134 44942
2627 1017 2365 724 32678 33515
2727 706 3904 1218 23070 37480
2660 1380 3067 653 23679 37519
2146 554 2942 496 42607 50000
3869 1015 3296 596 42657 49863
3194 1309 3249 1382 11648 20494
3483 1377 3784 1039 35865 44997
2954 1383 2719 591 41074 44486
2703 1486 3057 1276 29251 33481
3497 1197 2556 1313 8227 41107
2886 1034 3459 1264 34151 36635
3022 1908 3023 697 22993 41762
2804 1151 3478 1818 32475 37946
2286 1181 2842 1638 4361 18409
2661 899 2496 694 24660 37425
3320 1186 3155 1156 17535 20031
3042 1302 1980 1433 22646 34643
2747 1149 3125 1176 25031 40275
2474 1598 3099 1467 29409 31823
2477 1176 2598 678 39006 41912
3418 1295 3362 1645 34647 50000
2915 745 2649 1484 31954 38136
2933 1522 2514 2147 29044 35528
3584 1313 2550 1493 21438 39374
3004 532 2931 1013 15642 28060
1394 990 3059 1497 30216 46580
2914 1479 2999 959 25919 35894
2733 1383 3130 1336 42333 50000
2879 1423 3138 1069 35853 47793
2462 964 1644 929 27510 31786
1530 790 2836 972 29619 44080
3272 1379 3083 1439 16779 40620
2914 665 2580 772 47647 48365
3575 1853 1498 1146 25091 33516
2324 982 2265 1886 24992 27703
2791 414 3336 591 33082 45032
2752 1585 2567 571 39214 47614
3133 798 2223 1685 21141 28044
3192 650 3422 862 49006 49886
2279 843 3224 1474 38356 50000
3008 1591 2926 1430 47732 50000
2297 1214 2595 1052 40284 41678
3156 581 3009 1843 19745 27155
3153 1067 2354 878 24164 26939
2523 1058 3340 2080 39940 50000
3027 1473 3224 1088 31263 46483
2536 529 3191 1223 15578 30870
3390 1074 3076 890 28911 36185
2474 1205 3248 1161 19109 36175
2773 1780 2501 543 29181 41372
2742 369 2900 535 32966 37109
2447 393 3517 1324 32029 36255
2406 887 3717 406 22457 24362
3013 1127 2828 729 5837 15637
2540 2083 2566 1826 35997 42044
2663 949 2583 1228 22122 23809
3241 1103 2734 656 35073 50000
3400 602 3108 1614 20842 31766
3109 1559 3046 1090 35029 40594
2338 983 1797 1720 25675 47235
2128 497 2709 1216 18758 27669
3556 1641 2780 691 37257 50000
2588 1313 2699 1143 13277 23111
2933 302 2724 1373 36985 41188
3134 231 2785 657 16372 27563
2580 791 2562 650 20615 20928
2277 999 2527 1391 46459 50000
1838 638 2094 917 31020 45704
2671 847 3070 597 18162 25100
2322 1860 2474 685 30853 33750
4060 499 9999 1064 30109 41915
3059 786 2611 1113 23384 26620
2955 1159 2426 456 41872 50000
2694 727 2571 964 22365 36939
1937 1401 2481 1176 23127 37485
3532 1503 2391 963 35709 40906
3387 1232 706 9116 32839 44817
2239 541 2178 1224 48214 50000
2468 1274 2375 644 39631 50000
3381 1957 2610 734 31193 33245
3652 838 3143 1117 32088 43494
2416 1101 2991 500 33350 45208
2875 1428 2710 928 31512 38399
2350 930 3283 1311 1 22702
2115 730 2864 1609 42399 47131
2783 1303 1210 987 23596 43452
2338 1749 2820 1290 10425 11984
3067 1661 2635 571 38106 42966
2432 1346 2832 1192 36480 45835
3243 1194 2893 1119 25084 28763
3123 655 1886 1419 27915 31964
3126 1040 2401 1138 32796 50000
3961 812 2644 799 27080 28575
3437 1253 3085 1092 41670 45661
2954 1566 3023 36 33413 40449
2740 1934 2820 804 16685 31172
3115 255 2956 1001 14647 18462
2271 710 2808 1383 31724 44040
2146 1484 2681 1019 27274 33979
3264 1735 9999 8766 2284 17945
2098 553 2582 932 40648 50000
1970 474 3116 745 34932 46449
3780 1004 3388 1150 14924 20795
3637 874 2599 1276 35898 50000
2263 2313 2248 1287 19552 23132
2057 1153 3393 1816 14974 33366
2212 735 3348 1429 17641 24303
4602 719 644 514 17719 21938
3641 1263 2424 454 16064 25781
2814 740 2953 1222 32629 41795
2838 1284 3353 1309 31272 35097
2619 1354 2031 1527 26287 37034
3141 1803 3162 173 28491 31186
3124 1842 2724 1010 32736 37413
3401 1229 9999 454 41176 50000
3128 1043 2447 988 8071 34981
3106 740 3425 1747 33765 50000
3349 1329 3496 1157 41502 45407
3017 556 2758 875 4803 15793
2362 1078 3298 482 32334 34439
2900 1710 2532 1306 48216 50000
2170 1772 2512 1594 20875 22005
2297 1371 3584 1254 35378 50000
3139 1248 2547 1603 33100 39385
3026 885 2843 958 39309 40913
3422 18 1871 1781 38348 50000
2787 1850 3693 628 24764 32914
3598 960 3327 1088 47271 50000
2638 988 3121 939 29967 33493
3268 1335 339 4928 20335 38113
2936 1320 2394 1395 44044 50000
2275 1447 2762 605 27668 37975
2410 1323 2358 742 38728 44059
2401 1230 2710 976 37022 38329
2800 1064 2182 726 29851 43778
2284 863 2882 950 29992 30807
2886 541 9999 200 42504 50000
2541 1591 3200 1271 20218 25495
2855 432 3132 1534 30523 50000
3159 506 3523 1975 30373 41643
2865 1246 2861 1750 23424 32684
2485 353 2328 368 14917 26201
3096 689 2494 533 39403 47889
2521 1414 3735 1738 48169 50000
2476 1113 2984 1336 15694 25973
3112 121 2473 2163 24515 34580
2693 981 2034 1039 32849 33947
1606 1130 3424 507 42223 50000
2361 405 3053 1127 22721 33629
3120 1243 3114 1764 33178 38705
2963 1482 2468 2286 23542 30669
2696 1392 2455 2146 28040 45141
3240 695 2684 881 30119 35650
1938 817 883 240 29831 47580
2174 1226 3403 306 40909 44102
3497 1206 2136 1040 41403 45144
2995 1336 2881 866 31357 35574
2958 1481 2419 1004 30970 40252
1606 102 3362 1027 33336 48670
2758 1077 2439 853 46761 50000
1813 468 3441 1500 35757 44989
3196 1885 2936 1665 41042 49339
3126 227 2384 299 18549 25412
3151 1492 3004 111 18117 34774
2261 1067 4182 1078 6408 12506
2464 1623 3241 880 38491 46444
2916 1124 2566 831 37126 50000
3618 516 3018 1053 13381 19384
3118 20 2950 1416 25843 32403
3067 768 3037 1187 4262 17017
3043 720 2415 772 29389 47596
2773 1150 3328 1483 26592 34084
2452 1093 2460 553 30716 40976
2538 1634 2434 750 14711 20844
2665 1533 3165 1268 30076 33923
2593 531 3161 669 29963 35747
2578 952 2780 1513 26242 30834
2759 1526 3021 1857 25840 44225
2120 1503 2776 1294 29080 31679
2213 1457 2764 1800 29612 35635
2135 1651 2041 264 16612 23517
1904 1115 3489 670 26062 34374
1726 1420 2525 1329 24619 38129
3243 1676 2873 953 35614 42567
2316 45 3108 1091 32273 39812
2009 751 1457 68 39600 45716
2165 1418 3016 1248 17763 34974
2297 1457 3033 620 35543 45683
2803 1239 2771 1416 21351 30214
2157 1241 3106 793 30657 32567
2690 738 1759 719 23712 44396
2555 1203 2710 1613 46873 50000
2746 569 2361 921 42253 49644
3309 1227 2483 561 5884 16912
2563 863 2003 1853 44957 47578
2821 1375 2498 1826 40210 49808
2206 811 1989 1537 21789 24346
4099 1436 2209 1476 42467 45729
2230 1621 1830 1116 43468 50000
3330 714 2621 1489 1 5622
2688 1291 2250 1581 29197 48938
3766 1771 2892 1513 33184 35834
2952 1448 9999 7969 17077 32784
2778 1255 2547 603 40194 50000
2495 959 2792 1611 40729 42024
2848 617 2505 860 33576 39146
2643 920 9999 538 26158 34251
3110 2128 9999 832 2772 21082
2273 1568 2994 784 37625 44322
2288 2128 3320 882 19642 29139
2919 1289 2319 747 41119 44167
2182 822 3585 741 13080 30377
2676 499 1862 490 43403 50000
2706 1652 3401 1059 42683 43972
3147 777 2168 2180 16754 35330
3198 1204 2736 963 26851 36840
2534 709 3059 2325 27423 31161
3102 410 2255 570 45649 50000
3087 724 2227 1383 31445 50000
3119 1680 3710 497 38264 45830
3133 746 2488 1922 38006 45419
2675 1238 2857 1002 46562 50000
2899 804 3369 1457 16245 33374
3108 1418 2599 718 45683 47887
3123 1285 2687 990 13255 19445
2939 97 2361 1462 44022 47579
2637 1244 3115 563 19579 38690
3022 814 3379 646 34202 43222
3082 446 1215 668 15729 35136
2127 1410 2215 477 31550 44513
2658 1397 2231 623 34144 39937
2646 1168 3171 1249 34384 39459
2462 1596 3363 1060 36066 50000
2384 1845 2560 1035 35874 37816
2645 1341 2743 2183 28611 29630
3673 1106 3090 1853 34467 38438
3287 1226 2397 960 35169 41374
2744 1046 2091 1477 41497 44327
2544 1091 2156 1662 25759 27092
2480 821 2029 992 47097 49206
3440 891 2554 851 34430 43318
2372 345 2118 936 38662 40874
3678 1003 2608 931 36201 39157
2852 109 3147 746 34751 42875
2625 1109 3263 340 21015 27274
2356 1698 2806 1703 42110 43757
3168 2191 2613 248 26454 39745
2850 1770 4060 1351 38432 42499
3402 1438 2374 1386 24828 32601
2513 1359 3757 1513 23261 31491
3389 1259 2872 2201 19826 29092
2105 539 2571 1246 26192 29557
3342 1697 2817 1110 30585 39258
2344 1015 2458 937 29504 35528
3042 1477 3172 1213 36062 36722
2282 493 2382 920 33805 39832
2576 657 4027 322 42848 45372
2934 1292 3760 793 31252 50000
3222 2470 3029 584 38262 45149
3544 592 3768 1481 33178 41191
2185 1392 194 9191 15721 36409
2688 1095 2150 675 25867 32126
2965 641 3156 576 29450 47088
3190 1977 2009 1459 37575 40112
3402 917 9999 2757 14637 46326
2192 1328 3661 1388 23213 38672
2392 1272 2369 1457 32459 33214
2935 1094 3106 286 42291 47488
3368 751 3024 596 5076 24987
3018 1157 2352 1099 37398 40124
2668 1169 2304 900 23021 27546
2967 1650 1530 1424 4686 22995
2223 661 3381 1012 20197 22255
2872 997 3867 327 24180 29627
2373 499 2723 1848 19375 22372
3544 346 1502 1260 23213 36221
2079 421 3062 723 21899 25760
3341 1669 3100 1322 19040 23778
2862 1683 1928 2396 23535 32057
2170 1159 2761 901 43080 50000
2835 1591 212 83 26720 40529
2655 1353 2734 1152 31924 34249
2212 1267 2790 1086 30256 43222
3457 1018 2863 1331 26013 36937
3456 1517 1957 198 23647 41616
3656 180 1917 2309 38180 46886
1996 1274 2705 1378 40986 50000
3124 1279 3235 1266 47057 50000
2169 1528 2631 787 45662 50000
2907 470 2322 1480 36684 49280
2770 326 2631 717 8874 19896
2558 1226 2974 730 27071 48546
2134 517 2221 545 23981 32029
2274 414 3424 565 23928 35368
2789 595 2019 267 46180 50000
2857 908 2577 1093 28487 34139
2444 1933 2713 332 12860 18329
3015 1476 3619 1576 42765 47802
2786 815 3779 959 26136 31163
3142 1360 3104 1252 22511 28499
2688 783 2583 968 37204 41967
2982 840 3116 1582 29726 32486
2816 1109 2719 1507 46558 50000
3176 1048 2813 1224 38030 42077
2600 567 3849 2446 25377 34475
3365 364 2197 387 15719 31325
2304 646 2170 1445 40524 50000
2021 1336 2678 1771 38567 47548
3729 431 2812 1041 27355 36047
2612 556 2765 1230 38395 41443
3461 1047 2804 865 31528 40788
1950 1547 3602 964 20469 29257
2203 1644 2206 552 36732 46048
2508 882 2297 1543 17467 22441
3346 1043 2624 393 36966 50000
3141 1033 3329 1076 16715 23764
2956 657 3459 1040 33440 45790
2475 941 2876 294 42068 49067
3238 1239 2711 719 20662 24663
2672 550 3004 949 1596 19906
3457 1316 3008 405 45451 48806
3668 1715 2668 1423 24019 33017
3001 926 2314 545 36667 41057
1934 757 3288 1098 40294 42967
3542 844 2628 1376 16130 32649
2715 1113 2997 1261 39547 41931
2866 1903 2509 1413 44902 48191
2567 833 2784 452 44624 50000
2696 1794 3340 384 43828 50000
2760 1322 2829 1184 30288 33686
2075 1517 2789 1170 29596 41361
2974 1006 1536 746 16256 25571
2626 907 2751 1591 42404 44930
3321 944 821 450 45442 49630
3098 1883 3583 327 41965 50000
2998 1358 3379 849 16794 24766
2066 834 3238 1751 40108 43379
2252 841 3156 1631 33142 47815
2827 394 3051 1861 15013 35447
2247 720 3194 797 43568 50000
3116 1260 2087 1457 22726 26332
3039 937 2839 2077 6095 7663
1239 1415 3020 1206 38177 50000
2302 234 2788 896 44989 47080
2405 135 2749 1170 17060 30622
3082 913 2694 1161 31706 39572
2623 1692 3290 899 32533 42340
3312 2091 3298 1353 35105 47380
3476 949 3478 615 40082 50000
2553 1479 2890 947 30287 37974
3417 323 1589 1041 23906 46009
2424 643 2303 1960 43834 50000
3672 1396 3131 548 31336 33352
2732 1646 1526 485 14763 31861
3463 351 2519 235 24079 32437
2626 495 2344 342 23803 30015
3033 741 3253 1273 38070 43945
2175 493 2414 1452 23472 29508
2623 734 2530 1531 23925 25098
3207 658 3212 827 26123 28638
2354 469 2528 2141 47732 50000
3228 928 2946 1673 47427 50000
3226 1188 2569 1056 38021 45583
2897 1428 2688 514 30612 38469
3040 1470 3482 1699 37601 39144
2949 806 2658 1273 42468 44219
2118 738 3014 1529 32799 44182
2538 1157 1862 503 33705 48186
3014 1536 3004 1183 46543 48272
2535 401 2714 1215 30570 32010
3897 813 2221 1425 1 20088
3375 931 2842 554 20340 30077
2623 1392 9999 7749 18590 40407
3001 1637 2247 897 9873 31822
2271 1069 2611 880 34732 42891
3094 842 3106 1211 39249 50000
2725 942 2519 1000 40203 50000
2732 1284 3576 593 14936 35071
3405 1083 2660 1569 15759 31979
2722 1631 2679 869 18133 19130
2455 1592 3104 1134 27032 37002
2938 926 2843 951 24690 34241
3623 79 2527 1942 38884 42554
3562 845 2728 378 32975 35511
3050 1868 3862 824 41578 48653
2286 438 2698 1208 7145 20850
2949 1349 2341 1174 27907 38580
2277 1263 2430 1172 42227 43107
2650 928 9999 6349 28312 50000
2918 388 2097 1536 15068 27100
3491 790 2248 1710 21714 28980
2342 1162 1514 605 30172 50000
3268 1065 2752 1104 35314 40609
3162 486 3418 1965 17826 20446
1909 1268 1337 430 16707 31993
3175 1649 9999 394 13683 31918
2514 959 2945 888 33070 37699
3146 1044 2891 853 27548 28378
3764 654 3171 1188 16018 23089
2600 1237 3310 1062 34876 41327
2390 701 3143 903 37703 48993
2524 1032 3113 262 34745 36621
2697 1008 2315 345 18666 28164
2331 909 3535 1780 18409 28332
3486 1493 3593 1800 24522 37472
2856 1389 2199 1033 25156 40779
3203 1001 2459 1666 30775 35195
2156 1392 3421 1477 18029 23594
2903 933 2940 309 30594 35004
3328 1172 2145 975 13976 22278
3057 947 2900 1094 23509 36925
2879 460 4059 757 29681 37930
2814 2108 2740 1408 25309 34400
1998 1050 2242 1756 30020 40637
2296 1496 2388 529 28942 36144
2380 523 2230 383 3130 19874
2814 1143 2888 1269 35247 36339
2333 1413 2328 1533 34760 35086
3132 612 2504 658 38973 48321
2430 863 2486 791 24929 26554
2077 1910 3230 1023 24767 36323
2072 1475 2555 1021 33417 47758
3313 992 3052 1280 39128 50000
3376 735 3252 723 29345 30307
2836 1925 3012 735 33084 43532
2993 796 3312 660 20837 30661
2445 992 2018 1151 14681 16022
2919 550 3114 315 20960 36329
3737 1184 3592 218 37523 50000
2984 355 2408 1506 16496 19313
3167 1108 2588 1086 31835 45359
2320 1275 3337 597 43780 50000
2883 1332 2431 961 26331 36288
3604 1280 3648 650 30328 35603
2201 703 3798 544 26509 46425
2556 87 3262 1209 32181 42406
2868 1054 3314 1151 42910 44519
3094 1573 2881 1954 5316 31784
3340 1386 2099 1377 24416 36351
2851 1402 2525 764 28489 35341
2749 971 2712 1461 25436 37222
3621 562 3452 633 31630 33611
2436 953 2923 705 23249 37446
2232 1311 2825 1400 31460 42202
2443 2235 2364 360 36484 50000
2175 807 3741 2375 988 23895
3411 984 1995 1586 25653 27758
2798 1197 3312 908 35586 39244
2569 838 2890 936 21051 34262
2033 977 3672 1031 23023 24732
2521 1093 2441 741 8450 24361
3247 1052 2550 1463 39331 42561
3126 585 2849 1627 33061 49226
2844 1433 3200 1357 48228 50000
1918 299 2411 1612 35700 41208
1868 824 3259 649 20766 46955
2437 1775 2620 1783 22718 27075
2805 1274 1544 848 28040 34263
2152 1887 2629 1760 40800 50000
2778 1014 1604 9916 3695 21231
3281 1582 2333 1183 36707 41936
3155 1069 2285 595 16123 19109
3039 910 3412 1448 45680 49393
2813 787 2433 1608 9854 37780
3931 1486 2610 766 1 21515
1846 1582 1883 519 35547 39590
2429 1359 2905 1087 35964 45378
2850 1486 2056 1789 36368 48326
3463 909 2652 893 20312 31735
3334 1026 2586 1043 38218 50000
2609 685 3485 1003 35831 43269
2731 2111 2803 1446 28848 30503
3990 1331 2075 598 27000 44677
2454 383 2532 962 34353 40587
3730 1110 2301 845 23213 36113
2805 1929 3212 485 43967 49698
4083 705 3396 1464 7026 31503
2966 2265 2780 289 30237 42982
2846 340 3449 1505 27676 31996
3355 1910 3281 1432 6636 25358
2126 667 3797 1671 24299 39243
2522 557 2019 291 6366 16584
2289 1886 2973 1955 26904 36392
2925 1643 2812 1294 45007 50000
3446 1094 2129 1785 36317 40008
3870 100 2347 849 30632 38642
2701 1745 2375 893 46162 50000
2797 803 2672 995 34589 38512
2918 441 3512 1802 28959 47024
2146 1200 2779 628 38245 46420
1879 1203 4165 810 29822 46653
2997 912 3387 147 21501 43900
2841 584 2999 148 18202 33945
2160 1077 1968 1383 39545 43141
3432 1367 2830 984 42721 47002
2375 1233 1948 1541 24963 27884
2319 884 3501 2020 32190 39809
3605 1386 2169 1259 16955 31206
3197 1101 3121 448 41966 43616
2791 1115 3188 1570 37011 50000
3385 465 2436 1193 35184 42457
2197 1 3402 1322 35496 48698
2810 407 2724 896 3176 9597
2102 1796 1900 569 20149 29198
2532 840 2132 1247 14717 35693
3734 920 2439 1702 34546 45939
1918 1471 2660 1413 7717 18261
3183 1342 2541 1285 19577 50000
2803 709 2849 1759 27515 34805
1978 365 3532 2051 29369 46686
2267 1061 3185 1705 29351 42121
3480 1566 3268 1836 16978 23192
2070 1354 2700 1325 47652 50000
2739 834 2541 898 21054 24783
3536 878 3247 1043 28860 30920
2375 53 2270 573 32333 44334
3725 892 2628 1792 37001 40589
2575 1317 2705 1448 35196 35477
2489 862 4123 367 5451 33013
2164 1042 2303 1369 41385 50000
2717 295 3434 1707 27603 33330
3298 1447 2939 908 36572 45583
2666 812 2264 1000 48747 50000
2910 737 2938 1500 12316 18685
3870 694 3027 870 35385 42620
1952 1279 2500 623 22741 24778
3407 804 3607 1444 38717 50000
2172 247 3167 1198 37095 47944
2747 1351 2450 1297 34595 50000
3224 263 2250 967 20705 25901
2614 76 1583 292 32034 37556
3012 1160 2557 1005 44288 50000
3496 1747 2045 507 24288 33811
2561 1057 2298 796 42462 45053
3214 594 2535 620 47457 50000
2409 1047 2855 805 28845 32887
2229 1718 3302 1583 17865 42434
2892 231 9999 310 34267 50000
3097 992 2802 752 38092 44572
3389 312 2389 1562 22539 33817
3939 839 3277 887 39784 50000
2817 1297 3322 521 20593 30545
2635 1151 2809 1238 21527 28489
2771 401 2164 1394 35160 39655
3014 1115 2561 330 40810 48039
3271 1500 2733 1613 23638 27734
2169 748 2688 894 40376 41269
2658 1265 3668 562 37018 47381
3776 1037 2547 1314 38793 46051
2931 721 3127 1204 36600 49053
2061 471 2573 1422 34036 45170
2165 1474 1928 994 16633 24047
3106 1617 2094 1146 18169 22822
1907 1323 3272 1905 20781 35996
2931 224 2871 721 10323 33415
2504 1021 3089 566 23919 35230
2846 737 2938 566 20943 28396
3252 368 2613 545 13981 26393
2918 1428 2794 1069 43340 49053
2569 575 2342 519 30735 31073
2998 770 2688 1718 38139 50000
2408 957 2363 1119 18165 27038
2711 1271 9999 345 9926 20423
2967 919 2582 1130 42658 50000
3071 2075 3148 1468 34065 35306
3158 1356 3526 256 43227 50000
2906 176 3071 802 28162 37316
3323 829 3202 901 20463 28593
2120 1504 2258 980 567 19819
3301 1090 2503 1550 36552 43926
3074 1451 3242 417 22928 30568
2538 1147 3322 977 46850 48110
2393 712 3127 805 32511 36955
2864 850 2695 813 1 12964
2589 1172 2593 1068 29080 36596
2220 631 3305 651 44483 46263
2692 1471 3648 342 27841 32758
3296 1167 2730 1039 35807 43469
2771 956 3126 707 32612 33266
2376 666 2827 476 28708 31960
3584 1385 2748 13 30398 40153
3227 71 2758 1362 44804 50000
2635 625 2077 1872 30505 35194
2045 1815 2415 77 34756 37909
3363 1357 1406 760 28735 32580
2890 1049 2998 1361 28801 33766
2763 536 2470 1676 43403 50000
2644 959 3040 1542 23268 28238
2311 1166 2911 1143 28661 36034
3452 2003 2331 498 31093 37331
1496 1219 2301 691 30798 34760
2244 1076 2952 1077 28741 38378
2804 1813 2072 1295 9871 38135
2280 980 2285 738 15246 28988
2075 312 3856 367 26978 36805
2535 823 2724 1637 11848 34860
2518 1840 2522 623 1580 14092
2175 948 2412 875 32612 36898
3604 866 2558 1682 42218 50000
2523 1587 2893 1199 33684 38815
2975 1238 2551 947 21687 25647
2928 978 2827 1458 40274 46748
1985 1202 3221 842 37063 50000
2452 1161 3095 2108 45212 50000
2260 1259 2862 394 21370 29135
2864 818 2468 1281 22488 30185
3266 945 3733 1601 47251 49573
2297 957 1978 724 24278 28311
3212 2596 3719 955 40053 45353
3112 1237 2258 1587 2123 27338
3497 616 2648 896 29074 36517
2838 1131 3590 1090 24173 29553
3028 517 2751 980 25276 33266
2006 1388 2812 2051 35914 39570
3129 1341 2287 1658 16557 24837
2482 720 37 8002 1 22669
2478 669 2802 159 15586 31978
2338 1021 2624 1575 36779 43106
3836 172 2499 674 46800 49974
1829 562 3561 190 33996 36788
3552 827 2865 574 28025 30467
2514 1000 2330 734 38523 39273
2334 1998 3187 831 11786 23993
3606 1213 3189 1962 34146 42314
3473 1257 3297 978 30083 31101
2651 1511 2388 1435 44033 50000
2829 1602 3240 742 15525 26808
3360 639 3121 1043 31397 49502
3392 1198 2560 1252 29991 34220
3541 1071 3380 669 30389 36982
2974 1160 3785 2169 5699 20469
2142 1249 2462 907 33936 42808
3046 1566 3721 783 27950 44813
3698 727 3178 1466 46802 50000
2534 142 3021 625 32878 45779
2526 457 2478 594 11172 27733
3184 1037 3195 1361 29288 36198
2932 431 2863 983 6791 27772
2327 1821 3219 202 30793 33795
3024 342 3110 536 35176 44952
2068 808 3247 1230 30075 32577
2470 312 2433 1336 33939 41382
3224 847 2766 462 40595 50000
2305 1201 2493 419 38447 50000
2380 1692 2773 657 33234 50000
2615 799 2657 272 44594 50000
3261 493 3343 1960 36704 50000
2399 730 2785 570 20829 30157
2933 727 3501 1473 34204 44889
2378 1091 2973 439 19713 23945
2512 595 3051 688 28307 37297
2337 765 2572 82 39993 46087
1945 1253 2659 349 41894 47556
3105 847 3134 788 46018 50000
2460 1059 2447 1482 45488 50000
2416 1187 2527 1358 46121 49064
3555 1521 3211 811 34079 35312
2745 621 3318 1032 19611 25356
2681 1432 2047 273 42761 50000
3381 545 2307 997 42271 50000
2867 923 2432 2019 37986 49714
3161 1430 2635 1529 36929 39794
2935 1257 9999 510 38685 50000
3237 684 2163 1923 21450 39539
3158 1936 673 17 3865 19981
3050 1237 3150 1126 3119 13749
3324 1151 2505 332 43556 50000
3415 508 3267 758 31413 39250
2220 1559 3119 942 21774 25513
3333 774 9999 5463 34823 47359
3182 1242 2045 818 28640 33931
2320 616 2829 1153 22355 23540
3517 1600 2412 685 28571 43361
3382 1522 2350 1388 26111 41855
2819 291 3291 701 46001 47031
2895 652 2669 756 27616 28149
3686 1010 3309 152 17075 28766
2605 1524 2826 1409 37064 47254
3266 499 3151 1012 18065 35012
2472 1486 2728 919 41136 46278
3511 1501 2258 835 36826 50000
2782 833 2342 1511 37075 40015
3628 1314 3071 1337 32158 34448
2573 702 3398 1314 34032 44855
4342 1174 2813 999 39124 43175
2670 727 337 208 10600 39518
2242 1476 2583 1188 44867 50000
3320 946 3031 855 41810 42359
2844 676 3089 47 41035 50000
1866 1037 2122 847 27509 41581
2966 23 3225 778 45358 50000
2321 1081 2204 476 46557 50000
2767 841 2322 504 45494 47973
3076 1038 2949 1329 43661 50000
2415 322 3665 2007 33830 41644
3856 1569 2531 391 25068 28430
3263 1588 2945 827 29340 35900
2430 1263 2931 1110 31913 37255
2536 1154 2970 1349 17073 26469
2677 1432 2686 364 32672 39834
2990 479 2244 1158 39057 44202
2174 939 2808 1673 46026 50000
2411 767 2295 833 30986 39873
2683 1037 512 79 43564 50000
2912 803 3078 1804 26025 35968
2787 1511 3154 1408 30895 39639
2711 1311 3287 1105 41040 43170
3563 934 2800 823 45684 49330
2376 1347 1515 1205 31621 32670
3316 440 2435 1616 33612 36052
3063 1435 2261 1289 33320 37797
2264 1277 3776 978 33249 40616
3613 1616 2852 768 26985 34675
2957 1128 2298 678 10672 35215
2718 968 2455 1392 45660 50000
3391 368 1840 1055 26225 39104
2796 1489 9999 6369 37300 50000
2923 902 2606 1053 23649 34535
3527 887 2024 811 40790 43224
2639 1085 3387 1350 20397 22610
2284 1013 2919 991 33628 35964
2153 459 2916 1345 15848 19983
3002 1610 2912 1136 22783 33312
2669 966 2826 1140 35496 36078
2919 1511 3698 612 44109 50000
3072 842 2243 1284 35525 42390
2844 1165 3175 647 18125 23996
3357 833 2401 1898 43370 49903
2712 1512 2832 2008 19964 26898
3499 1320 2851 1634 25374 29610
2789 1119 3089 661 39225 44080
2287 520 9999 345 38149 50000
2761 795 3239 1982 30097 50000
3427 1388 3372 469 1 4479
2983 1464 2686 1235 36233 37009
2508 1361 2885 393 16550 36484
3228 1278 3354 1345 45893 50000
2747 796 2638 1019 32585 34868
2592 1195 2601 1078 12733 24429
2506 289 2926 1105 23352 29152
2694 1330 1633 965 41201 42985
3351 1064 3015 1670 43764 50000
3173 1194 2463 786 18151 27613
2896 1631 3812 1279 24638 35054
2732 1128 2799 1089 37606 40454
3478 1168 1997 1021 18811 26747
2482 1647 3214 821 33938 42815
2818 1411 2949 1265 33726 36236
3800 1588 2745 406 27252 30022
1878 1064 2204 1352 21501 24504
1984 366 3418 1621 17141 21729
2515 888 2955 1587 32507 46121
3346 1442 2828 97 18077 23013
3312 896 3099 640 26412 32726
2616 948 2862 732 35853 46300
3095 1009 2573 1420 31005 50000
3129 1563 3434 639 38170 43998
2342 1124 3152 873 38132 42260
2665 1266 2685 1866 26282 35684
3105 963 3497 452 30263 34680
3642 120 3093 1845 12601 30456
2968 833 3664 1040 25618 32279
3171 1219 3273 352 28624 42123
4254 1065 2154 896 23271 33185
2868 437 2893 752 35049 50000
3029 426 2282 1048 39990 50000
3321 794 1742 760 32879 35133
3147 309 2654 1699 21720 34950
2106 1835 9999 780 24073 38961
2150 828 9999 475 14136 32280
2667 250 3355 1173 14227 35801
3001 1382 2498 736 32169 39346
3511 388 3027 1603 22986 29447
2219 1250 2711 916 31717 35060
2916 1607 2396 1277 35232 36663
2090 1290 3322 73 39097 47691
2808 464 3590 1459 27094 37816
1347 747 3024 1380 20871 30495
3234 398 2775 803 38758 39820
3304 916 3261 2305 24281 35103
3963 283 2723 1368 35105 38731
2953 1506 2436 1043 37791 44378
3143 1415 2604 1257 23661 32639
2451 1242 3493 1175 30077 35195
2452 406 2935 980 35026 49958
2916 1200 2343 591 29028 36257
2429 822 2659 530 26177 40735
3098 220 3059 655 38569 41721
2644 737 2903 388 13723 22339
3158 470 2856 877 27009 28696
3239 1708 1959 179 28624 37993
1690 1482 2153 1017 19525 39675
3031 1316 2961 1210 21498 22414
2963 676 2616 563 25815 30390
3382 1167 2568 411 43987 46035
2539 1532 3102 1096 40971 50000
2063 626 2636 565 42328 50000
3053 897 2909 1211 42414 50000
2716 1669 3572 937 12389 26836
2957 679 2838 1134 35969 37373
3532 1046 2855 332 35814 37806
2879 97 2611 2170 33525 38561
2495 1346 2934 1038 45744 50000
3553 1260 2732 1169 21598 36623
3160 1756 313 425 20519 30180
3047 1170 2911 711 29977 38182
3201 1067 2681 1319 45958 50000
2122 765 2938 1484 40410 46374
3355 542 3440 1641 27673 42644
2430 375 2130 623 42007 50000
2324 1263 3059 1182 31599 50000
1973 1510 3211 1551 37892 42879
2583 1733 2305 629 29747 31579
2306 724 2682 651 35473 39371
2853 948 3335 1729 28618 30109
2598 1460 2864 386 37777 41179
2567 1282 2879 686 4974 12748
2323 563 2709 1948 21703 24316
2629 1492 2681 922 19857 25744
2197 1030 1283 7396 35829 50000
2509 877 2749 1208 28901 35632
2467 927 2912 998 37153 50000
2293 1134 3503 1696 43215 50000
3132 580 3168 877 42232 45369
1872 413 2781 1325 29447 34116
2761 768 3564 1209 25798 37369
3005 665 2947 694 23059 36208
2894 993 3504 1378 36292 39306
3859 1789 3546 1146 39093 46816
3833 1694 2840 2358 16997 33356
3082 904 3402 654 24147 27197
3070 451 3740 1941 17154 31271
2926 1494 3107 547 28012 49328
2857 1441 3100 1627 42442 45737
2050 514 2941 1375 25864 33768
2653 719 3137 680 49188 50000
2843 596 817 823 31558 42152
2965 1024 2782 511 33461 40710
2405 1701 3002 1449 20848 24564
3301 1210 9999 359 31114 40372
2939 536 2545 1436 40950 47543
2127 1155 2441 808 12862 14413
2378 152 3074 1453 28991 36742
3036 1387 2010 991 26952 31226
2751 1349 1788 191 43161 50000
3118 984 2800 283 23768 30544
3553 1347 3690 2365 17706 22077
3633 1038 2768 1567 17224 30363
3658 1085 2259 458 21980 41444
3017 1085 3198 903 27350 49193
3438 1096 2746 1169 35197 50000
3101 761 3513 702 41266 50000
3226 1318 3268 1427 17239 21906
3059 464 2820 1950 6033 25997
2355 810 2706 424 30228 43989
3403 763 2099 839 26615 44143
2119 1006 1954 1235 38413 45321
3163 810 2917 1148 5064 17694
2090 600 3309 1126 45850 50000
3173 1016 2821 926 32942 35772
1714 895 2809 1302 31607 42341
2536 781 3953 817 14344 32933
3048 962 2802 630 40445 50000
2625 161 2740 1913 23819 34606
1944 841 2266 716 33675 42925
2891 1580 2920 565 23755 36407
2628 898 3337 1344 30645 32942
2831 885 3057 563 38843 50000
2979 1374 2332 1064 33119 38231
3283 794 2041 960 33055 50000
2851 1164 3316 736 32741 44074
3195 1047 2773 1068 16545 18980
3225 837 3310 1883 48203 50000
3825 920 2863 1893 17626 44618
3215 696 9999 7619 34789 50000
2994 489 2604 1589 24523 34269
2830 1219 3022 1363 45809 50000
2485 1010 2011 643 37791 42439
2253 1251 3325 1282 19349 29269
3321 303 3491 799 33785 47712
3767 2266 2890 1218 18861 40948
3336 542 1880 902 32211 43082
2402 508 2976 1035 20313 23260
2740 1302 3665 992 25618 31203
2718 675 2475 1581 36740 42280
2600 978 3365 776 17064 38020
3045 709 2409 1406 22530 29692
2781 1384 3947 751 28819 34432
2869 1399 2543 684 20266 24820
3146 850 3136 637 22837 29271
3306 1529 2693 642 46478 50000
2055 904 3377 2241 37889 50000
2719 631 2488 1869 32233 35186
2388 1367 2498 1266 31551 33842
2852 56 3317 861 46589 50000
2518 1664 2070 1067 31130 41461
