1500 2000 350 1000 1000 150000
295 1043 796 1955 38684 51050
434 467 200 833 89213 91692
1473 1815 1321 810 17720 26914
1210 150 1287 12 23916 24939
814 563 1341 419 21032 26079
1037 1432 51 805 29678 33707
1164 491 45 767 119516 121962
519 215 1454 449 105332 113663
708 1681 1080 701 100612 107764
1460 585 520 1715 70895 89502
432 1600 301 985 116813 118814
990 935 386 1121 114780 117582
761 1085 211 567 130406 137161
426 1185 470 1739 3568 6600
531 325 897 802 83486 84351
390 614 1188 972 29508 36972
1493 1783 648 1358 19355 25858
1448 1494 402 487 90798 102418
608 1973 1180 1646 117025 123324
1281 766 1436 1544 99482 103867
647 1716 1190 315 126344 135836
1198 1128 1223 589 52952 56666
993 1508 780 1466 43105 43916
368 900 800 744 8814 12564
519 277 1444 256 134211 141717
1492 766 193 28 118695 127743
221 1039 1199 1117 16307 21126
962 406 1434 169 8545 12676
1150 693 454 379 104077 106470
450 286 662 1484 110523 121784
375 1087 599 1257 77241 78609
937 1404 790 1535 130834 133142
758 1834 1026 1616 72814 73590
1134 885 425 81 35374 39063
1382 1461 823 1322 15297 20343
1077 1050 26 571 31873 39874
1423 1425 688 1906 41823 47719
465 761 198 375 120612 121702
836 557 396 628 56159 59508
57 123 745 598 59827 67217
1156 1621 783 1914 17705 22979
873 589 163 1974 129688 133400
1165 1854 658 344 2831 9194
1400 309 506 1829 35681 43165
1027 1128 395 1372 124410 125741
111 316 488 590 494 5657
1473 871 782 1822 100686 104556
949 1946 415 598 130806 137657
841 663 1050 392 76705 79582
14 1915 1067 1258 14625 16477
818 755 866 938 114982 116584
452 276 1210 1072 49880 54704
1484 1384 816 309 86419 90075
1241 1897 924 912 30423 32518
780 980 784 506 57772 58622
388 1447 864 678 64904 71121
1158 1342 1063 278 86246 90088
1363 1857 980 590 74721 81821
423 441 1107 1732 71444 87732
116 1217 1181 1811 52693 59406
768 1106 1180 1624 22737 29049
511 37 1182 460 16528 24749
885 1547 733 747 31287 32357
635 892 318 1421 148190 149869
356 1242 1376 208 87272 95079
332 467 793 143 131630 136977
1282 1050 60 74 78884 98038
848 313 16 1861 59920 65304
1488 405 1189 1968 13729 22302
300 1123 1250 627 18679 27831
1095 1283 1114 1702 54289 56478
1035 1572 842 1955 64725 67657
1085 523 483 1201 97567 107793
274 470 791 895 30161 32880
1428 636 394 1215 42544 54599
367 1382 1324 1997 146283 147932
425 464 676 1849 59922 72230
562 1543 933 1827 126442 128204
454 1461 873 430 3125 15232
674 621 23 1872 126000 131830
430 416 789 1909 38715 45285
382 1819 624 475 31377 45046
558 1224 855 726 24342 25701
1153 836 151 1812 54170 63403
110 1667 1419 1598 56613 60586
676 1699 374 428 147089 149666
565 600 864 566 81616 83797
398 1840 1078 635 44675 46767
761 793 11 951 120211 122006
386 808 1340 37 14648 19819
567 211 1219 1012 7446 18972
540 111 34 1504 34980 49003
382 285 1219 1899 64001 81369
190 1020 74 1198 37732 38354
53 706 198 1330 7091 8016
1011 1001 1091 859 78846 80637
1315 1844 172 1250 80316 83931
1078 1775 1046 379 100079 102723
71 167 341 1819 144997 149144
61 690 1155 586 77212 80830
849 270 34 1260 94584 97538
402 1526 853 936 85762 88980
1203 1709 639 1701 3118 4530
1047 549 429 56 132619 141281
854 147 532 1939 102626 114374
10 163 699 285 124433 131364
1389 1610 1130 1071 41171 45365
239 1321 316 1849 39991 43285
1196 421 1246 27 16464 19808
753 1282 543 1514 66062 68910
489 1518 1232 323 48524 53035
1076 1758 1138 250 47058 54381
955 1715 125 1028 83614 88999
381 1273 845 1290 119123 123128
937 820 59 115 113046 119986
366 303 1101 1251 63915 77052
91 915 563 1285 63476 69065
970 1942 1336 754 39140 49486
997 303 1498 239 108320 113115
988 1216 1466 1751 139188 146583
320 37 949 146 137141 138543
619 195 1228 1970 123611 138816
1001 45 894 1052 102639 109768
1496 47 137 1570 61055 80533
481 1653 620 1317 145953 148708
848 1156 337 1186 71412 73225
703 822 147 269 142138 148228
843 102 207 792 130283 140327
619 456 129 1159 14639 24444
759 1126 1447 404 106401 117950
79 411 1448 412 19217 26999
1311 950 1105 1339 82617 85173
1427 253 621 295 33005 34778
1003 1553 533 935 67253 68708
550 1114 568 304 37439 44811
296 1532 1499 1956 48898 61242
923 12 682 287 106618 109490
789 421 1363 561 111347 113829
900 775 1380 1863 3965 14929
1048 1374 1246 1448 108229 108741
98 1353 777 757 61687 70656
1235 751 153 1218 42093 52704
738 612 538 28 110584 115101
1087 1566 859 1987 69982 75011
1193 624 1055 886 17177 18188
164 691 42 1750 135264 141532
1081 1080 1178 1665 110756 115789
100 484 1126 286 32839 41514
1272 536 72 1404 99455 110880
1366 66 130 370 120128 123250
310 1690 1048 1236 39050 49419
1335 1910 1072 443 105827 115833
380 1043 992 1959 3425 10977
391 1444 688 53 75453 88671
325 1046 644 685 103682 106226
238 1730 1098 1046 106383 108034
511 139 657 902 725 3935
1254 1709 589 839 73031 84331
687 484 1350 1436 27642 31874
1313 1505 757 1253 8377 14559
26 438 503 1886 109396 126517
476 1019 1453 427 54510 65196
584 1431 1079 158 107174 113568
974 501 841 936 31360 36179
748 1585 657 112 35243 45302
791 916 925 1839 102246 109213
395 571 243 1528 132856 139200
2 138 1242 1160 30818 40386
781 167 637 6 52374 53591
1159 1628 484 714 78622 87185
1157 20 1305 713 20145 26121
782 1543 1302 1386 28429 29161
668 170 693 1237 130735 139846
404 1452 1495 268 35877 39185
1262 356 587 1802 38863 55637
332 1100 1122 1292 3047 5483
210 1606 1265 1611 101613 110233
1034 186 599 1472 42291 44309
1232 820 1000 1311 72777 74540
1324 916 1077 613 99303 102832
758 292 707 1920 90650 95758
1334 1910 564 1227 125070 137994
794 1336 1245 1462 11972 14073
728 1267 753 1319 84412 84782
531 1923 1311 568 36352 54653
643 921 1 1149 36883 40390
191 207 669 278 116550 117289
605 616 1378 831 1201 5005
1390 1695 288 238 12075 15888
323 406 165 1869 67623 71501
1042 623 97 305 41645 48404
1024 1323 793 1202 15271 17173
1185 1037 94 1416 128107 132124
823 156 1198 128 85209 88286
256 683 1245 1713 44912 55393
1174 1742 863 848 117028 126079
834 1371 462 1736 128326 134315
387 641 461 802 121333 122364
1365 591 614 1948 68995 78793
181 206 356 1220 55839 62002
858 643 166 1704 43783 55664
548 7 32 841 104897 106526
1252 641 222 1394 144646 146656
1294 514 1181 1089 53601 57814
331 440 1410 1132 46887 53011
1161 1817 1481 455 130977 133896
555 1104 1256 845 110136 114270
289 105 1139 1684 3059 11331
547 726 5 1042 30359 32785
1447 173 1157 151 39187 40771
373 600 1170 606 75776 81823
17 1679 1406 903 87680 98947
864 965 806 660 144171 145047
905 1938 38 142 72530 80445
1128 1003 1209 629 79944 80401
1077 359 935 1003 27195 33627
766 1188 1204 995 34230 37232
1217 1426 889 891 112310 114222
480 1559 437 969 123553 128833
277 1424 1440 795 46737 61554
1217 1840 28 492 30320 35062
918 656 601 1494 30588 35179
478 1301 667 1274 87112 87501
384 1827 1335 1406 61781 63889
29 110 1478 821 142171 146330
405 985 971 1874 66129 71847
998 934 294 196 89903 102853
1216 274 1187 308 14063 14437
400 1003 512 1615 63856 64887
1305 1734 1281 765 24077 28709
178 1559 407 429 47888 49706
873 1801 1459 839 71944 76501
1284 642 1327 1476 31175 37178
624 1207 1232 878 145649 149723
362 1421 914 1445 78297 80282
6 1215 954 27 123672 134529
626 564 693 1337 33381 35780
644 1703 619 468 64696 75022
223 264 1467 1428 28330 37013
1392 949 694 860 64978 66779
365 480 1306 828 130206 140057
867 1597 798 1004 91792 94952
1444 1027 1050 1758 109809 115605
1487 1940 705 485 42031 49832
757 187 1199 1894 96214 101121
927 1896 448 523 76239 84603
468 768 376 1617 100444 103179
1124 1969 700 870 91512 95358
706 455 1331 1145 93441 100845
327 816 1458 1454 66255 75754
1182 1183 1100 1283 38266 39288
1234 379 463 43 126362 130332
71 1247 877 833 43714 45294
861 731 1026 1680 128440 134736
181 487 552 1191 80800 83147
1045 1370 1159 458 88507 97599
412 1048 1483 1988 12704 18372
887 1556 933 18 51202 53888
766 1849 1342 568 59952 62076
1170 960 821 212 66393 70391
917 208 1099 1956 101438 107024
1315 1955 1298 643 45399 47576
1345 963 700 523 124896 133852
987 827 1077 946 86998 87563
1157 1681 114 1387 77461 81951
1195 1147 433 1768 141875 145599
825 217 173 1584 44704 56882
684 1871 976 1848 112470 113552
757 1342 1012 1325 97028 99223
1218 1558 473 771 109104 115158
116 812 686 1824 77448 87159
215 879 1147 1044 14860 19510
1483 1059 84 1785 101101 104377
626 1066 320 751 21317 24980
1205 566 1262 286 80388 82872
986 708 1307 878 8875 10708
791 1639 761 1143 16516 18823
397 1094 114 1473 143795 145844
1110 10 283 153 77362 78744
624 1842 1011 1752 100849 103506
774 1580 1050 1449 7516 10434
20 131 1110 1783 12907 35061
495 1831 1287 311 138416 143092
0 136 469 558 142504 148603
850 700 875 1980 110918 113032
1495 1862 1498 1067 92633 98082
769 1492 552 1561 8902 9300
311 975 1461 1830 135175 138013
132 268 1246 1910 16567 31601
568 283 670 992 29246 31320
685 20 505 1565 47977 51543
802 665 934 1695 22739 25908
235 475 312 1992 61256 69657
464 906 22 289 111431 115015
1091 482 472 1430 26496 30573
1461 1555 325 1269 1692 4951
203 1203 946 877 113585 122881
506 724 854 616 87398 90577
363 1972 343 532 113349 118580
371 674 933 713 88523 90134
1032 213 229 568 58562 62967
292 149 1312 211 58637 62210
904 1195 595 720 89656 95065
696 1896 1054 1916 89452 92050
817 880 1335 1352 26919 30054
1068 1843 149 1343 74299 79211
1272 1904 1389 1999 2394 3614
1462 1790 238 1763 94965 98220
226 1993 1056 1830 36354 43300
329 1244 1417 1217 26712 29901
1011 119 612 1405 60029 70820
1081 138 620 1203 39936 45954
546 1890 1134 1076 116328 124267
264 1114 867 6 50778 53468
1026 110 1008 739 11388 16836
316 1849 1261 341 108162 126930
34 374 202 798 115903 117530
188 1249 1487 1800 109611 116823
660 397 227 1536 79475 86148
106 1492 898 657 35439 40768
148 666 214 1771 35979 40862
1279 222 780 1723 134086 136535
1037 22 620 1010 62354 72216
514 1197 708 678 50139 55569
926 796 313 1787 89422 94457
576 729 511 1914 90564 93902
566 1157 907 572 96179 100053
937 66 1123 287 2136 4260
1405 1078 1339 713 12015 13826
663 130 691 29 105969 106520
719 1775 1276 720 12489 24540
687 1128 920 1246 64983 67466
735 1114 182 281 52443 58346
1309 853 1334 1077 267 2480
350 614 232 917 62091 64673
202 831 1312 435 87049 89260
538 1910 503 778 14742 17563
1085 217 123 957 74396 79204
1250 530 431 1473 25292 35250
351 723 648 932 69846 72069
1124 992 128 964 134937 141716
213 683 788 970 142153 149733
1309 600 269 1135 100241 102464
407 1560 1067 1669 32252 34016
10 1034 835 1289 124379 128505
1499 1686 1220 1482 67093 68888
27 1285 1165 1143 108012 117893
204 27 1467 1824 100399 126875
345 1454 558 1318 100550 101363
1021 1630 291 1271 115948 124998
169 1778 410 1356 18366 19984
1207 1894 609 28 114964 118103
664 577 26 1170 9195 10794
1174 1070 1358 1315 57572 60881
171 272 1149 872 90062 97228
804 1516 1225 153 94067 100610
1172 1858 648 28 45044 52484
343 560 15 876 25384 26684
351 651 1217 1328 47095 54960
241 951 1263 1632 59631 64748
927 1259 1281 688 53456 56910
352 84 631 1800 79364 96997
1461 938 404 581 142258 146726
240 1136 54 807 49750 51806
410 1133 1345 1857 106729 110504
561 502 497 1177 36845 38922
206 1452 136 1919 109763 112216
925 341 1488 761 79451 83649
485 1318 464 511 135327 138238
122 315 397 953 80268 85838
497 1036 1484 851 95885 97608
894 259 1083 784 137540 143340
162 573 501 1376 116330 119398
111 211 578 1133 51894 58827
433 1260 488 1757 120064 121957
627 876 372 174 26514 30645
830 1092 422 649 71960 76375
490 1991 605 1524 6885 7600
1258 1579 1277 725 131901 138740
490 1025 715 1182 84066 87208
548 1939 736 214 40769 46907
496 1515 1176 71 87529 106057
140 1602 1387 1052 73248 78949
476 1672 933 1590 43020 44176
732 114 640 1036 57688 64285
648 1259 52 1882 35622 41438
296 961 1062 1342 87063 89540
735 1205 603 1255 66029 66535
1442 206 1251 1660 82373 96337
1349 464 1104 1864 1136 15836
347 1893 118 1072 132885 139548
531 579 1129 218 52535 58017
93 705 612 929 51976 57464
1492 1275 249 1369 32648 36042
153 692 224 322 65189 65731
98 1114 1249 1859 4762 15227
890 893 829 432 132006 133550
1448 903 712 1774 29544 40643
1260 30 1103 1454 90179 96260
1073 1162 1437 1088 123347 124007
1251 1328 810 1558 49156 55164
1054 1242 1139 98 104951 115406
439 1517 368 1445 37002 38016
157 1117 205 456 63763 69152
293 1008 499 1116 24368 26957
293 900 1081 42 8946 21381
1096 244 791 727 69858 76496
1119 1688 1303 431 83759 96511
1430 1007 718 436 30188 41046
107 876 1194 900 46346 51287
99 1858 924 1194 106672 115082
169 1017 498 1984 146148 149149
340 902 1378 940 67736 76963
519 1880 1025 1322 51880 60144
1373 782 740 417 88653 92304
183 600 1316 369 128096 133890
860 652 939 1912 13041 23566
862 1077 174 750 15141 16653
1171 1034 286 1477 83440 90814
567 1800 1060 785 146687 149488
757 16 1320 1851 42951 53138
1134 1817 1341 1278 24311 27460
541 515 1275 1901 21557 39154
1250 1622 1054 459 110138 116655
1224 1097 540 1534 95743 102470
15 471 578 384 44100 45930
15 1742 1134 1561 128814 134364
1322 424 1190 418 130149 130705
457 91 975 1605 66364 79284
1114 217 403 85 18201 21685
516 1916 1365 1889 68040 74023
86 1630 629 1733 47546 48924
1461 451 1066 239 22821 27414
1256 774 1414 297 106464 107498
1395 998 187 1769 22861 40461
882 1298 1073 844 39760 44815
1227 1960 1183 1158 8281 14977
602 1165 312 1984 44360 49355
777 639 417 78 99504 105174
240 362 1189 1048 129838 144010
898 1467 1407 378 91318 93839
599 934 1191 1913 118760 120721
1054 103 746 1801 121200 130309
601 1475 262 565 27768 38047
651 951 730 1384 92226 95000
280 1526 910 1741 4339 10541
1225 245 1051 1994 13770 21612
911 7 1085 1434 144580 148933
1033 1233 331 1511 133810 140063
670 1643 985 1823 83085 86216
79 299 296 45 15055 17458
1204 1735 1319 1286 135187 139663
979 1783 1258 1448 55157 55919
1247 602 1322 877 130554 133187
1077 1317 562 1687 101180 103164
910 143 712 1171 122158 131329
826 1106 1289 292 34485 44419
369 487 779 1932 12345 26159
736 728 1156 1399 106630 115809
1166 1192 230 598 115773 122875
53 647 1181 1073 20197 22538
383 1596 178 94 88486 92953
899 1093 110 1336 24351 27957
412 1760 915 1563 99134 105432
1300 112 35 1484 119000 129143
1310 1022 12 285 47752 59519
29 6 929 1549 35507 51468
123 1362 239 1499 134209 134936
1130 806 231 142 46493 53996
1410 1934 1115 128 108389 125253
488 335 898 274 146935 149800
1447 1923 620 1705 88672 98020
431 458 212 602 50277 51267
1255 1749 97 324 32997 56064
1020 925 1059 1744 7363 11211
1226 865 121 559 75736 84662
683 69 15 539 9860 15303
153 53 959 1746 17812 23161
970 1256 1310 760 92513 98655
1440 1316 496 1012 17210 23967
1105 574 684 1417 129870 140433
1489 1501 1479 911 92392 97679
438 1283 102 693 6380 9474
999 303 1288 1911 96918 112139
614 867 1369 1124 40433 44915
1187 1620 1235 1989 121689 125015
903 1178 1225 973 126689 129350
1059 1359 193 1732 16631 22558
1481 1821 88 1558 103562 106461
654 1068 1061 1389 32617 33685
1102 1009 944 1055 95122 95366
588 218 995 1229 133680 145330
613 768 1468 1523 81484 85346
719 1679 561 280 253 12884
1275 858 1359 1781 83571 90467
640 1536 1440 1904 101350 106121
750 999 248 107 144731 148768
651 1603 1142 591 130234 134488
301 878 1147 49 14335 28916
570 860 1471 1126 39892 44717
1221 106 909 1093 95227 99549
777 1305 715 1065 133486 135952
1433 1505 782 627 16090 25222
535 978 682 1889 142226 147017
1059 1722 1176 132 28617 31798
1198 408 530 1716 88087 94490
1315 802 828 912 111956 115252
1116 1232 1450 1147 90510 91076
327 1905 157 1621 98066 100147
457 1637 953 1161 127267 133430
1174 1831 1352 1290 64236 69892
742 192 282 1565 144112 146575
1390 358 951 1869 75160 85757
1144 125 386 316 36246 44212
555 115 711 1678 84746 89333
670 1619 908 916 29635 35502
69 6 1166 1598 128908 138027
1077 423 777 1928 125668 129870
1015 1106 870 320 141600 143743
794 1142 88 443 147933 149642
447 602 196 498 112227 112748
1302 325 1106 1365 56379 57889
935 250 424 1407 73448 75969
270 735 911 935 10120 12149
153 1926 929 1852 95582 102654
1191 115 1137 147 51355 51658
78 811 730 1765 2773 5420
97 927 438 1733 61803 64249
397 919 1399 1820 12503 17653
1339 1125 253 1055 62066 70300
683 1454 788 503 43353 44490
1122 497 1058 173 146956 148672
404 803 1180 1387 54218 62323
615 588 1346 508 75762 76618
356 1944 769 1920 10639 13364
496 1560 886 304 97920 101719
1384 491 1044 425 91788 93325
616 1632 172 1594 144840 147524
389 822 511 584 91758 93157
959 1603 1124 1068 73001 77599
819 491 1244 213 20303 23517
232 1829 1014 1378 37245 47265
1023 1009 141 322 110460 120856
685 1259 313 1429 113410 116162
227 1415 1222 1236 15598 22885
1202 329 1444 582 59169 61076
747 907 1476 1799 54711 63079
639 161 1297 1996 126959 145350
1184 1438 1403 71 11573 21723
379 1586 478 836 99655 103718
21 622 803 1263 46242 51432
1253 1603 365 171 11546 18383
762 217 1216 1672 12262 14646
94 1907 1064 722 10774 17121
542 1379 183 1336 12768 14650
1158 1431 73 117 30866 36091
1173 747 222 124 134179 138452
901 1287 1104 1185 74494 75620
1298 1223 1313 347 4653 8365
622 1645 914 121 75251 83687
452 977 739 1505 56315 62478
1147 179 840 204 139499 140287
787 1557 51 1548 103929 105555
975 32 206 927 16059 23521
935 578 1180 1647 62042 68127
1377 1975 689 361 46569 53302
413 1778 1260 761 125214 135147
82 100 372 24 64045 66587
69 1663 1337 281 73104 93738
49 1756 910 166 54178 59818
117 459 954 1289 3706 10530
104 872 501 1280 26284 30974
803 946 572 1324 36583 40339
70 566 791 1244 129099 140172
1375 855 482 1389 132965 141757
1 1012 382 781 132380 133468
1004 481 87 270 47995 53278
906 1249 171 1966 2703 6261
736 810 51 1954 136713 147343
1176 1258 781 16 106203 117008
1207 1835 305 1215 72430 82364
996 118 652 873 127030 134397
821 1518 787 539 147485 149220
1106 1591 544 1234 88823 93208
1337 281 802 1225 59543 68931
1457 854 762 1460 75543 80706
438 1051 486 265 2291 4262
1103 1682 1001 1719 133535 134220
417 157 649 1314 90433 93539
983 1900 804 624 30002 31725
989 207 1403 197 34256 37656
677 1930 1321 1597 98573 106097
1027 1604 1413 1224 148881 149845
1037 1358 1335 1063 26508 30445
665 1220 1342 659 52359 62950
618 266 581 1692 90292 100985
226 758 529 1778 8308 12748
97 1579 1009 1296 48350 55153
1401 160 869 1920 18070 38438
1077 631 260 774 95185 100365
1342 1459 212 612 66319 78717
829 1389 1048 967 5045 5756
979 1071 667 35 3646 5866
1013 784 272 1255 68997 77617
787 23 229 1594 77409 94750
1416 1735 861 1752 28263 29245
1173 1017 677 270 34127 38780
871 1772 1338 981 116246 119580
1441 806 101 1866 96504 109450
1078 1638 1054 4 64268 71507
595 1873 1362 300 31291 47532
451 349 802 816 80800 84563
611 606 629 1077 9866 12844
960 1667 1041 1480 89809 90718
440 1234 610 163 114483 125179
867 930 153 161 50627 55951
732 1978 233 933 127338 139182
270 1293 1316 156 132277 136134
1165 1730 1435 211 85643 99879
1481 751 191 925 48259 53059
861 508 913 799 50864 53561
148 1586 596 1408 128455 130343
1286 850 140 1844 110105 112700
289 245 706 1121 78083 81216
22 1857 863 81 133392 147844
542 422 610 0 6678 9446
466 1931 1244 1290 9154 17115
1405 1471 1173 470 24590 26128
41 960 163 852 72689 74335
353 216 985 240 26502 29756
1358 625 154 259 35740 39450
1445 289 342 621 97410 106904
1427 1786 995 473 118160 124967
840 1219 38 878 83953 91550
239 562 284 933 124773 127710
1024 650 882 771 83328 83783
1496 1801 112 526 59334 62559
832 713 139 1397 135661 142404
409 678 659 1683 128802 139690
157 418 744 1533 75289 85352
786 243 1079 1385 121704 123661
1129 664 605 1863 128862 143790
1153 623 1327 1288 58838 65982
855 1755 1330 763 72669 79912
1038 55 506 602 59333 62291
1159 1992 739 1553 86061 88437
1472 1737 1469 1833 95061 95444
1210 1795 856 1111 148683 149828
763 1454 205 1868 55581 59432
175 1417 1170 314 87650 99198
183 330 1015 1909 89108 107129
405 1550 932 454 124101 134994
150 794 686 1571 126265 130094
1264 312 355 1891 23716 41241
1325 1377 1036 1895 3941 9895
1154 479 1216 564 142431 142650
1241 1976 842 1469 13597 17829
1011 1786 577 598 101084 110579
185 1737 318 1778 104147 104664
30 1550 812 843 19573 30507
329 768 1322 1556 3426 9769
1036 1214 9 185 117491 134145
566 550 1450 1250 37721 40550
927 1394 1350 1963 24073 30687
1368 1954 876 713 73386 79721
951 1789 1364 811 15965 22892
93 1301 720 608 4258 10723
588 503 389 1666 18519 21491
204 185 1443 633 106254 115011
516 1755 17 452 78279 88284
867 1407 529 317 45893 57208
1021 519 1432 1140 4675 8255
35 1227 987 938 101569 111374
935 1622 232 680 70639 81781
1481 453 60 292 39847 41850
1040 1412 1300 386 33982 43259
241 454 1036 1709 22073 32021
958 757 921 420 131879 132786
1115 1076 910 235 26646 31114
662 1482 809 1509 37092 38245
210 1875 1383 1677 69866 81578
551 1354 436 1741 2092 3346
1122 1761 727 689 32440 37072
1365 369 346 1138 66607 81902
1442 293 28 957 26802 41754
119 815 31 678 44141 45369
147 1996 323 751 58566 65684
37 1815 1333 1159 11832 14069
196 1208 663 1932 7004 9501
807 1866 312 90 43799 56674
17 671 26 1722 35680 44327
807 1240 61 891 1089 6809
388 197 1023 1907 121397 125727
577 1132 1045 1500 77025 81906
416 334 69 1326 147979 149708
1157 1369 769 1857 117006 123442
526 380 670 1123 139249 142909
1484 540 690 957 146842 149259
1173 1064 1359 403 10034 11295
149 1639 970 164 114914 121960
1101 1239 60 378 77592 92077
90 415 1079 1685 2152 17973
964 339 1118 1003 15467 21541
886 779 1338 842 33964 35410
396 1036 256 590 33260 37116
1029 1378 504 1383 95924 97055
367 1267 1120 1520 28371 34964
402 759 640 804 106296 107415
1409 26 1011 991 111116 118009
1135 476 531 544 65506 69637
1472 322 839 217 67434 70432
183 1609 853 587 144885 148920
1158 1593 361 1720 112851 117269
966 783 646 966 78051 79075
1155 807 5 1364 121027 136261
178 694 275 1875 54229 64268
787 317 1183 1902 88897 92454
1081 535 1167 44 126471 131554
138 530 1065 1356 53139 58807
860 110 936 266 1885 2522
1400 1490 1304 701 43990 45584
1290 392 591 107 26738 33937
288 381 173 467 148008 149270
1230 1501 904 552 110141 116852
120 1312 144 1168 5744 6013
1254 1986 361 857 106721 112375
1400 1739 463 1623 10922 12054
145 1110 37 1486 105842 109443
1187 615 481 616 107697 111035
273 1407 1273 949 71477 80865
632 74 873 1856 126931 142537
359 1593 514 810 129067 133486
761 1506 254 146 118319 131382
1204 1347 433 567 81623 95234
1166 1684 1037 974 49245 52178
763 509 1342 305 117882 120225
74 1703 1351 709 16216 31867
941 137 251 1667 122408 126009
1219 1800 1423 1070 30293 32622
294 1653 1242 482 44559 58691
517 1956 719 912 31860 39064
388 1419 693 1381 60315 61565
703 1412 338 1924 100659 103386
598 1758 1431 136 41853 56499
61 1089 636 767 92365 94872
424 409 177 1493 36179 38762
959 1149 535 1345 3909 7943
249 1821 937 1303 16747 20620
1144 1683 584 213 104219 116005
391 223 932 3 128603 131166
60 1204 627 29 6135 21772
432 1348 362 1180 76149 76432
195 1446 1399 1681 116863 118521
80 1218 839 1530 54781 57903
1105 1618 1304 1789 120571 123510
634 892 265 351 92220 100390
1184 49 303 1500 89116 93499
791 850 545 1776 109760 111717
398 186 800 1804 80726 88142
1306 267 280 1251 95355 106967
481 980 1441 552 38055 46772
417 632 1043 1282 98953 104602
652 716 955 836 90210 91972
1242 1214 628 612 100210 104870
982 1467 733 1473 141347 141827
833 1607 343 1819 108775 114677
955 191 1476 1398 9894 20909
807 1198 1464 775 107734 115584
1279 1995 558 750 29167 32256
721 1774 715 1533 134759 136549
381 389 1433 764 110333 116820
998 1486 606 188 36708 43993
149 83 808 736 97566 98929
647 1442 220 501 7275 14279
1472 1562 945 1548 99397 100579
1345 745 830 637 84252 89528
173 1195 709 64 101839 111151
1378 919 879 1097 69258 73522
720 707 1380 646 60609 65849
837 967 158 766 23491 27302
1081 279 709 1779 22971 36320
235 647 612 1900 64999 72102
163 1041 107 1507 70633 74003
194 728 961 1133 115356 120326
319 1299 275 1160 31127 31854
473 1576 227 1767 28229 31292
1040 1454 1258 1015 107782 112455
1463 1382 1073 707 123457 131511
664 1415 1447 999 137268 139062
1430 250 1286 672 46913 51767
934 1982 1452 1390 51470 57671
171 1542 1037 64 30106 42307
718 419 46 34 32517 40598
1456 1940 530 710 43224 60685
1415 1806 1143 1794 41894 42207
214 405 524 449 30118 30553
171 1682 697 486 131692 146295
1165 1340 90 33 106617 110156
269 839 423 1570 60299 67503
455 46 936 1788 66604 71579
1377 1257 83 1786 40557 49725
507 1070 414 84 93610 102231
953 1466 1246 1034 81428 83173
304 1569 749 1217 87990 92038
561 440 710 494 6244 6518
54 1075 1346 1022 69965 73965
159 579 703 880 129799 134680
477 1500 1112 1833 99473 106021
581 1623 1263 1915 117974 120558
410 1226 70 499 119787 129140
928 841 1084 228 13880 16460
146 1828 981 409 9670 25527
418 712 768 824 92092 94121
71 81 1229 310 31350 33491
1393 1883 543 782 119927 127565
841 651 462 687 80215 82729
1111 586 560 1969 6970 15903
825 1660 262 1425 21012 25909
942 1891 302 482 121975 137386
373 10 306 370 146588 149010
348 434 755 1760 1873 3967
216 1834 1190 1578 115301 122054
1104 1381 1396 589 57979 59769
1102 1799 1372 1076 116625 121893
1132 307 220 119 139523 142385
158 1830 524 1374 141063 146932
600 831 439 1016 117979 120263
943 1839 702 98 104710 112518
616 774 362 850 117359 118801
432 1138 1072 1208 100418 106201
1146 1770 284 979 85917 90754
960 764 223 65 73494 77554
1219 1809 364 57 65112 69339
1169 1868 618 650 52369 56411
1375 502 550 1177 89050 93364
450 671 1409 1234 150 8008
1325 530 70 442 139530 140955
1192 812 825 1856 25863 35516
689 1808 760 1889 74036 74436
995 148 876 1981 9653 14142
865 1716 854 1058 93115 98879
982 898 337 1539 43511 47111
942 574 1183 426 93147 94702
972 1331 386 184 129125 133846
1099 55 1140 1411 73912 85410
1077 1179 1445 98 141509 148526
885 847 962 1725 9193 14850
489 1036 762 32 99232 110570
1399 298 290 669 45957 52407
440 987 158 1065 145785 146461
1289 1599 958 1181 20048 25143
172 57 774 1197 35795 44693
828 228 26 1560 132553 145084
94 115 1003 717 102115 112381
44 688 170 1912 14910 25747
467 431 21 1984 66119 74419
1430 1781 1384 583 122823 132838
755 220 383 733 119667 123996
303 640 861 806 66099 67559
82 1004 1250 759 123647 125179
1202 808 65 1141 129871 133505
154 312 791 385 71538 76024
81 392 1140 1208 7078 18179
62 697 915 982 71192 73553
521 610 439 26 101533 103155
1054 246 1446 700 63999 69528
1480 1978 1238 1465 73922 79970
694 1687 1284 1614 105608 108780
773 931 510 1205 56040 60320
701 381 76 1324 141163 146038
564 560 396 1503 139240 149164
1314 1076 570 953 48995 55963
1349 690 1062 226 58304 64550
768 1982 1260 968 25875 35837
662 562 461 169 17953 22939
559 22 525 955 98106 100655
216 612 417 821 115465 116481
1099 1942 1210 1552 69889 74268
527 1584 1203 160 52832 56747
862 77 1423 1025 24915 37267
295 532 802 939 115593 119067
687 1224 1186 863 55947 59395
1499 1762 65 1449 130494 135876
489 291 1447 1587 37041 48878
900 779 873 1631 89811 93326
1158 1141 1099 1994 110011 112083
1387 1502 1160 1184 53826 55114
1324 1102 732 340 88701 91663
580 1720 1432 657 41205 56452
1167 1910 906 273 122646 135571
1068 1265 775 1870 107078 113255
98 556 760 959 129944 134666
1239 1335 516 1966 124751 130599
908 1375 590 59 49981 60735
1306 962 428 642 121862 130425
1486 980 782 1291 75296 76696
1171 301 583 462 20022 25010
598 1677 810 1501 112676 114995
602 853 40 521 115173 117931
467 1594 316 759 32991 34360
1170 1449 1424 1055 146097 148292
1133 215 602 1922 41390 53899
374 293 443 361 44739 45540
981 1834 731 605 83419 88998
1489 323 947 62 87400 90379
694 207 395 1507 93469 95252
684 1847 399 1936 22828 25374
1183 1578 706 737 62904 71029
854 542 635 173 30592 33142
72 769 547 1503 67958 70144
951 204 764 1497 13200 18863
1300 731 71 1313 60442 64485
735 584 162 125 92230 100343
1356 17 630 962 101601 107799
1434 1182 967 326 74605 84815
442 1016 507 1317 14227 15527
581 488 1257 1924 65004 72420
286 1824 1268 1505 77991 81857
664 992 1377 517 71501 73011
838 883 1386 31 27269 32201
23 605 686 1270 77233 81355
62 118 1222 554 107082 109828
147 1025 32 957 72581 73222
850 190 1248 555 94672 98142
1473 596 677 462 66220 69234
1096 1191 701 1399 47580 51285
421 1448 34 1729 42723 45523
1495 894 1079 879 41886 43549
578 1874 108 612 16161 28553
1457 144 490 443 6114 7615
107 712 1114 314 33510 37126
413 1000 1107 1722 25058 28469
1274 548 1119 232 117409 120945
129 186 25 354 59449 60570
593 860 342 368 3222 8119
766 1319 1465 1816 103221 109160
209 1364 341 36 138492 142079
299 277 706 163 135216 139317
884 699 659 97 81176 87696
720 786 418 922 37765 39077
1491 454 1138 797 130949 134068
1400 1245 464 48 34041 42851
1361 1060 33 86 116029 128744
1159 1305 529 193 44832 59766
211 1589 628 1968 104217 109803
901 1991 819 1779 105387 106890
1240 640 813 771 141619 146246
1489 1382 57 99 73937 85726
850 1818 658 8 120177 122466
209 435 49 1441 29833 37995
1122 1205 1361 662 138713 140845
1082 1824 1453 658 135345 142053
333 1268 545 661 25248 26590
645 1049 1489 1753 136915 146740
188 1585 1324 486 66252 78592
432 1410 99 811 86602 91173
678 1855 38 1237 36204 44096
1284 223 312 725 6331 12649
939 938 1492 1972 80856 94934
508 903 886 1795 106264 116827
708 944 1070 813 148224 149028
792 768 1455 630 20074 21244
970 707 907 412 3719 4729
1484 272 1416 1594 113831 117396
987 1333 635 47 36434 46498
411 1605 24 235 74173 82656
675 1112 587 563 140133 144504
1492 970 610 1626 99529 104018
1094 1000 664 1941 19637 26557
427 1007 1486 409 147647 149805
1195 1438 751 41 31970 36755
315 1467 1023 1752 32933 36016
413 203 374 802 54894 57010
96 777 421 194 147699 149556
498 1911 1252 328 47560 63681
439 1525 241 560 38720 41734
1192 1740 1362 1927 98033 98449
821 1113 1047 177 143865 146594
1436 651 969 1905 122715 132600
564 1968 1141 700 26745 41338
1026 1266 925 858 44372 45155
1115 702 522 779 81353 85442
159 1631 344 756 79707 86178
1474 962 111 1004 119838 124431
19 684 205 1039 78040 79946
411 914 1108 1470 89928 99804
875 1232 243 1655 66522 71249
67 41 1159 574 46521 56604
196 663 1265 450 108583 110170
1199 216 639 1252 72492 80324
998 1383 1249 668 131534 137304
1131 366 539 1350 53578 59976
206 1303 1297 841 97953 106055
461 1453 55 688 4605 11351
1183 469 659 686 8385 14957
949 1155 507 949 53555 54652
1144 1500 660 1029 38777 45696
733 137 436 1597 58725 66479
175 727 1204 372 78202 82226
1160 1204 544 851 84250 91692
